0.00000000,0.00000000,-0.00000000
0.00001282,-0.00099031,-0.00183304
0.00002566,-0.00198248,-0.00366953
0.00003855,-0.00297836,-0.00551290
0.00005152,-0.00397984,-0.00736661
0.00006458,-0.00498878,-0.00923415
0.00007776,-0.00600709,-0.01111902
0.00009109,-0.00703667,-0.01302475
0.00010458,-0.00807945,-0.01495493
0.00011828,-0.00913740,-0.01691317
0.00013220,-0.01021249,-0.01890315
0.00014636,-0.01130675,-0.02092860
0.00016080,-0.01242223,-0.02299333
0.00017554,-0.01356102,-0.02510120
0.00019061,-0.01472525,-0.02725618
0.00020604,-0.01591712,-0.02946231
0.00022185,-0.01713886,-0.03172373
0.00023809,-0.01839276,-0.03404468
0.00025476,-0.01968118,-0.03642952
0.00027192,-0.02100653,-0.03888272
0.00028959,-0.02237130,-0.04140889
0.00030780,-0.02377806,-0.04401276
0.00032658,-0.02522943,-0.04669923
0.00034598,-0.02672815,-0.04947334
0.00036603,-0.02827703,-0.05234028
0.00038677,-0.02987897,-0.05530545
0.00040823,-0.03153699,-0.05837440
0.00043046,-0.03325418,-0.06155290
0.00045349,-0.03503378,-0.06484690
0.00047738,-0.03687912,-0.06826260
0.00050216,-0.03879367,-0.07180640
0.00052789,-0.04078102,-0.07548495
0.00055461,-0.04284490,-0.07930515
0.00058236,-0.04498918,-0.08327418
0.00061121,-0.04721789,-0.08739948
0.00064121,-0.04953521,-0.09168879
0.00067241,-0.05194548,-0.09615016
0.00070487,-0.05445323,-0.10079197
0.00073865,-0.05706317,-0.10562292
0.00077383,-0.05978020,-0.11065209
0.00081045,-0.06260940,-0.11588890
0.00084859,-0.06555610,-0.12134318
0.00088833,-0.06862582,-0.12702518
0.00092973,-0.07182433,-0.13294556
0.00097288,-0.07515761,-0.13911541
0.00101785,-0.07863194,-0.14554633
0.00106474,-0.08225383,-0.15225038
0.00111362,-0.08603007,-0.15924014
0.00116459,-0.08996776,-0.16652873
0.00121774,-0.09407428,-0.17412983
0.00127319,-0.09835734,-0.18205769
0.00133102,-0.10282497,-0.19032720
0.00139135,-0.10748557,-0.19895388
0.00145429,-0.11234787,-0.20795391
0.00151996,-0.11742100,-0.21734419
0.00158848,-0.12271448,-0.22714233
0.00165998,-0.12823825,-0.23736673
0.00173460,-0.13400267,-0.24803656
0.00181247,-0.14001855,-0.25917186
0.00189374,-0.14629720,-0.27079351
0.00197857,-0.15285038,-0.28292334
0.00206711,-0.15969040,-0.29558409
0.00215953,-0.16683009,-0.30879954
0.00225601,-0.17428285,-0.32259447
0.00235671,-0.18206267,-0.33699478
0.00253935,-0.19617237,-0.36311156
0.00254962,-0.18749467,-0.34704903
0.00256486,-0.17918233,-0.33166275
0.00258510,-0.17121913,-0.31692274
0.00261037,-0.16358958,-0.30280029
0.00264073,-0.15627879,-0.28926786
0.00267624,-0.14927252,-0.27629911
0.00271696,-0.14255713,-0.26386874
0.00276297,-0.13611952,-0.25195255
0.00281437,-0.12994715,-0.24052731
0.00287125,-0.12402799,-0.22957076
0.00293373,-0.11835052,-0.21906154
0.00300193,-0.11290366,-0.20897919
0.00307597,-0.10767680,-0.19930405
0.00315601,-0.10265976,-0.19001728
0.00324220,-0.09784276,-0.18110077
0.00333470,-0.09321642,-0.17253715
0.00343370,-0.08877172,-0.16430973
0.00353940,-0.08450000,-0.15640248
0.00365199,-0.08039293,-0.14880000
0.00377170,-0.07644252,-0.14148747
0.00389875,-0.07264106,-0.13445064
0.00403341,-0.06898115,-0.12767580
0.00417592,-0.06545565,-0.12114975
0.00432657,-0.06205770,-0.11485977
0.00448565,-0.05878068,-0.10879360
0.00465347,-0.05561819,-0.10293943
0.00483036,-0.05256408,-0.09728584
0.00501666,-0.04961240,-0.09182182
0.00521274,-0.04675739,-0.08653673
0.00541897,-0.04399350,-0.08142026
0.00563577,-0.04131532,-0.07646244
0.00586354,-0.03871766,-0.07165362
0.00610274,-0.03619544,-0.06698442
0.00635384,-0.03374375,-0.06244575
0.00661731,-0.03135781,-0.05802875
0.00689368,-0.02903297,-0.05372484
0.00718348,-0.02676471,-0.04952561
0.00748728,-0.02454860,-0.04542288
0.00780567,-0.02238033,-0.04140867
0.00813927,-0.02025567,-0.03747514
0.00848872,-0.01817047,-0.03361464
0.00885472,-0.01612069,-0.02981963
0.00923798,-0.01410231,-0.02608274
0.00963923,-0.01211142,-0.02239667
0.01005927,-0.01014413,-0.01875424
0.01049891,-0.00819660,-0.01514835
0.01095901,-0.00626504,-0.01157199
0.01144046,-0.00434570,-0.00801817
0.01194420,-0.00243482,-0.00447997
0.01247122,-0.00052868,-0.00095051
0.01302254,0.00137642,0.00257710
0.01359924,0.00328421,0.00610974
0.01420243,0.00519840,0.00965428
0.01483330,0.00712271,0.01321763
0.01549308,0.00906091,0.01680673
0.01618304,0.01101676,0.02042859
0.01690454,0.01299408,0.02409025
0.01765898,0.01499672,0.02779886
0.01844782,0.01702858,0.03156163
0.01927262,0.01909362,0.03538591
0.02013497,0.02119587,0.03927914
0.02103655,0.02333942,0.04324890
0.02197913,0.02552845,0.04730294
0.02296453,0.02776722,0.05144916
0.02399468,0.03006010,0.05569562
0.02507159,0.03241155,0.06005062
0.02619735,0.03482617,0.06452263
0.02737416,0.03730864,0.06912037
0.02860431,0.03986381,0.07385279
0.02989020,0.04249666,0.07872912
0.03123434,0.04521232,0.08375887
0.03263933,0.04801608,0.08895182
0.03410793,0.05091341,0.09431811
0.03564299,0.05390994,0.09986818
0.03724750,0.05701152,0.10561286
0.03892459,0.06022419,0.11156333
0.04067753,0.06355422,0.11773119
0.04250973,0.06700808,0.12412846
0.04442477,0.07059252,0.13076761
0.04642637,0.07431451,0.13766157
0.04851844,0.07818132,0.14482377
0.05070506,0.08220046,0.15226818
0.05299047,0.08637978,0.16000929
0.05537914,0.09072742,0.16806220
0.05787572,0.09525185,0.17644259
0.06048508,0.09996188,0.18516679
0.06321230,0.10486670,0.19425181
0.06606270,0.10997586,0.20371535
0.06904182,0.11529932,0.21357584
0.07215548,0.12084745,0.22385250
0.07540973,0.12663106,0.23456536
0.07881093,0.13266143,0.24573530
0.08236571,0.13895029,0.25738406
0.08608097,0.14550991,0.26953437
0.08996398,0.15235308,0.28220988
0.09402228,0.15949311,0.29543531
0.09826380,0.16694393,0.30923642
0.10269679,0.17472006,0.32364010
0.10732990,0.18283664,0.33867442
0.11217215,0.19130950,0.35436869
0.11723298,0.20015514,0.37075346
0.12252224,0.20939080,0.38786069
0.12805025,0.21903448,0.40572370
0.13382778,0.22910497,0.42437729
0.13986608,0.23962188,0.44385782
0.14617692,0.25060572,0.46420325
0.15277261,0.26207789,0.48545322
0.15966598,0.27406074,0.50764913
0.16687048,0.28657762,0.53083425
0.17440014,0.29965293,0.55505374
0.18226963,0.31331213,0.58035480
0.19049429,0.32758185,0.60678674
0.19909015,0.34248989,0.63440105
0.20807395,0.35806531,0.66325155
