-0.00061478,-0.00025098,0.72398167
-0.00060551,-0.00093466,0.72398193
-0.00059005,-0.00160901,0.72398236
-0.00056836,-0.00227528,0.72398296
-0.00054040,-0.00293471,0.72398374
-0.00050612,-0.00358850,0.72398469
-0.00046546,-0.00423788,0.72398582
-0.00041835,-0.00488405,0.72398713
-0.00036469,-0.00552820,0.72398862
-0.00030439,-0.00617152,0.72399030
-0.00023733,-0.00681521,0.72399217
-0.00016339,-0.00746046,0.72399422
-0.00008244,-0.00810846,0.72399647
0.00000568,-0.00876040,0.72399892
0.00010112,-0.00941751,0.72400158
0.00020408,-0.01008099,0.72400444
0.00031473,-0.01075208,0.72400752
0.00043328,-0.01143201,0.72401081
0.00055995,-0.01212204,0.72401433
0.00069498,-0.01282345,0.72401809
0.00083861,-0.01353755,0.72402208
0.00099111,-0.01426564,0.72402632
0.00115277,-0.01500909,0.72403082
0.00132387,-0.01576926,0.72403557
0.00150475,-0.01654756,0.72404060
0.00169573,-0.01734544,0.72404591
0.00189717,-0.01816437,0.72405152
0.00210944,-0.01900586,0.72405742
0.00233294,-0.01987148,0.72406363
0.00256807,-0.02076283,0.72407017
0.00281527,-0.02168155,0.72407704
0.00307501,-0.02262936,0.72408426
0.00334775,-0.02360799,0.72409185
0.00363401,-0.02461927,0.72409981
0.00393432,-0.02566507,0.72410816
0.00424923,-0.02674731,0.72411691
0.00457932,-0.02786802,0.72412609
0.00492521,-0.02902925,0.72413571
0.00528754,-0.03023317,0.72414578
0.00566697,-0.03148199,0.72415633
0.00606421,-0.03277804,0.72416738
0.00648000,-0.03412370,0.72417894
0.00691510,-0.03552148,0.72419104
0.00737032,-0.03697395,0.72420369
0.00784651,-0.03848381,0.72421693
0.00834454,-0.04005386,0.72423078
0.00886533,-0.04168699,0.72424526
0.00940986,-0.04338624,0.72426040
0.00997912,-0.04515475,0.72427623
0.01057417,-0.04699578,0.72429278
0.01119612,-0.04891276,0.72431007
0.01184612,-0.05090923,0.72432814
0.01252536,-0.05298888,0.72434703
0.01374230,-0.05668633,0.72438057
0.01441706,-0.05869455,0.72439839
0.01506533,-0.06058829,0.72441484
0.01568833,-0.06237113,0.72442996
0.01628727,-0.06404647,0.72444377
0.01686326,-0.06561749,0.72445631
0.01741742,-0.06708719,0.72446758
0.01795079,-0.06845836,0.72447762
0.01846439,-0.06973361,0.72448645
0.01895919,-0.07091535,0.72449407
0.01943613,-0.07200584,0.72450051
0.01989613,-0.07300716,0.72450578
0.02034005,-0.07392120,0.72450988
0.02076875,-0.07474970,0.72451284
0.02118303,-0.07549424,0.72451464
0.02158368,-0.07615624,0.72451529
0.02197147,-0.07673695,0.72451481
0.02234713,-0.07723748,0.72451317
0.02271138,-0.07765878,0.72451039
0.02306491,-0.07800165,0.72450646
0.02340839,-0.07826674,0.72450136
0.02374248,-0.07845456,0.72449510
0.02406780,-0.07856547,0.72448765
0.02438499,-0.07859967,0.72447900
0.02469464,-0.07855723,0.72446914
0.02499734,-0.07843807,0.72445805
0.02529367,-0.07824196,0.72444570
0.02558419,-0.07796854,0.72443208
0.02586945,-0.07761727,0.72441716
0.02615000,-0.07718749,0.72440090
0.02642636,-0.07667840,0.72438329
0.02669907,-0.07608900,0.72436427
0.02696865,-0.07541820,0.72434383
0.02723559,-0.07466470,0.72432192
0.02750043,-0.07382708,0.72429849
0.02776365,-0.07290375,0.72427351
0.02802575,-0.07189295,0.72424692
0.02828724,-0.07079275,0.72421868
0.02854862,-0.06960107,0.72418873
0.02881037,-0.06831563,0.72415702
0.02907301,-0.06693400,0.72412348
0.02933702,-0.06545355,0.72408805
0.02960291,-0.06387146,0.72405066
0.02987118,-0.06218472,0.72401124
0.03014235,-0.06039012,0.72396973
0.03041693,-0.05848426,0.72392603
0.03069545,-0.05646351,0.72388006
0.03097842,-0.05432403,0.72383175
0.03126640,-0.05206174,0.72378099
0.03155993,-0.04967235,0.72372769
0.03185956,-0.04715131,0.72367174
0.03216587,-0.04449382,0.72361305
0.03247943,-0.04169484,0.72355150
0.03280086,-0.03874905,0.72348697
0.03313074,-0.03565083,0.72341934
0.03346973,-0.03239430,0.72334848
0.03381845,-0.02897327,0.72327426
0.03417757,-0.02538123,0.72319654
0.03454777,-0.02161135,0.72311516
0.03492977,-0.01765646,0.72302998
0.03532427,-0.01350904,0.72294083
0.03573205,-0.00916120,0.72284754
0.03634354,-0.00257713,0.72270660
0.03674176,0.00168389,0.72261560
0.03712546,0.00576180,0.72252870
0.03749535,0.00966431,0.72244574
0.03785215,0.01339881,0.72236657
0.03819652,0.01697237,0.72229102
0.03852912,0.02039175,0.72221898
0.03885057,0.02366343,0.72215028
0.03916149,0.02679359,0.72208481
0.03946246,0.02978817,0.72202244
0.03975406,0.03265282,0.72196305
0.04003683,0.03539296,0.72190654
0.04031131,0.03801380,0.72185278
0.04057802,0.04052028,0.72180169
0.04083746,0.04291715,0.72175317
0.04109013,0.04520894,0.72170711
0.04133650,0.04740000,0.72166344
0.04157705,0.04949447,0.72162208
0.04181221,0.05149631,0.72158294
0.04204245,0.05340931,0.72154595
0.04226820,0.05523710,0.72151104
0.04248987,0.05698313,0.72147815
0.04270790,0.05865071,0.72144721
0.04292270,0.06024299,0.72141817
0.04313466,0.06176298,0.72139096
0.04334420,0.06321358,0.72136554
0.04355171,0.06459751,0.72134186
0.04375759,0.06591739,0.72131987
0.04396221,0.06717574,0.72129954
0.04416598,0.06837492,0.72128082
0.04436926,0.06951721,0.72126368
0.04457246,0.07060477,0.72124809
0.04477595,0.07163966,0.72123402
0.04498013,0.07262383,0.72122143
0.04518536,0.07355915,0.72121031
0.04539206,0.07444739,0.72120064
0.04560059,0.07529023,0.72119240
0.04581137,0.07608927,0.72118556
0.04602479,0.07684602,0.72118013
0.04624125,0.07756190,0.72117608
0.04646116,0.07823828,0.72117342
0.04668494,0.07887644,0.72117213
0.04691302,0.07947758,0.72117222
0.04714581,0.08004283,0.72117367
0.04738378,0.08057328,0.72117651
0.04762735,0.08106993,0.72118072
0.04787701,0.08153370,0.72118633
0.04813321,0.08196549,0.72119334
0.04839644,0.08236611,0.72120176
0.04866721,0.08273632,0.72121160
0.04894602,0.08307681,0.72122290
0.04923340,0.08338824,0.72123567
0.04952990,0.08367118,0.72124993
0.04983608,0.08392619,0.72126571
0.05015251,0.08415374,0.72128304
0.05047980,0.08435425,0.72130196
0.05081856,0.08452812,0.72132249
0.05116943,0.08467567,0.72134468
0.05153309,0.08479717,0.72136857
0.05191022,0.08489286,0.72139421
0.05230152,0.08496293,0.72142164
0.05270775,0.08500749,0.72145092
0.05312967,0.08502664,0.72148209
0.05356808,0.08502042,0.72151523
0.05402381,0.08498880,0.72155039
0.05449772,0.08493174,0.72158764
0.05499071,0.08484912,0.72162705
0.05550372,0.08474079,0.72166869
0.05603770,0.08460654,0.72171265
0.05659368,0.08444611,0.72175900
0.05717271,0.08425921,0.72180784
0.05777587,0.08404548,0.72185926
0.05840432,0.08380452,0.72191334
0.05905925,0.08353586,0.72197021
0.05974188,0.08323901,0.72202996
0.06045352,0.08291340,0.72209270
0.06119551,0.08255841,0.72215856
0.06196926,0.08217337,0.72222766
0.06277622,0.08175756,0.72230013
0.06361794,0.08131018,0.72237611
0.06449599,0.08083039,0.72245575
0.06541204,0.08031728,0.72253918
0.06636783,0.07976988,0.72262658
0.06736517,0.07918715,0.72271810
0.06840593,0.07856799,0.72281392
0.06949210,0.07791124,0.72291422
0.07062573,0.07721564,0.72301920
0.07180896,0.07647988,0.72312904
0.07304403,0.07570256,0.72324396
0.07433328,0.07488222,0.72336417
0.07567915,0.07401731,0.72348990
0.07708419,0.07310618,0.72362140
0.07938778,0.07159995,0.72383732
0.08076696,0.07069706,0.72396656
0.08208708,0.06983250,0.72409024
0.08335069,0.06900460,0.72420858
0.08456021,0.06821175,0.72432180
0.08571797,0.06745245,0.72443014
0.08682619,0.06672523,0.72453380
0.08788701,0.06602868,0.72463297
0.08890247,0.06536148,0.72472785
0.08987451,0.06472234,0.72481862
0.09080501,0.06411003,0.72490546
0.09169576,0.06352336,0.72498853
0.09254847,0.06296122,0.72506798
0.09336479,0.06242252,0.72514399
0.09414627,0.06190623,0.72521668
0.09489443,0.06141135,0.72528620
0.09561069,0.06093693,0.72535269
0.09629645,0.06048207,0.72541627
0.09695302,0.06004587,0.72547706
0.09758166,0.05962751,0.72553518
0.09818357,0.05922619,0.72559075
0.09875993,0.05884112,0.72564387
0.09931183,0.05847157,0.72569463
0.09984034,0.05811682,0.72574315
0.10034648,0.05777621,0.72578951
0.10083121,0.05744906,0.72583380
0.10129547,0.05713475,0.72587611
0.10174015,0.05683269,0.72591652
0.10216611,0.05654227,0.72595510
0.10257417,0.05626296,0.72599193
0.10296511,0.05599421,0.72602709
0.10333968,0.05573549,0.72606063
0.10369861,0.05548633,0.72609262
0.10404258,0.05524623,0.72612313
0.10437226,0.05501474,0.72615222
0.10468827,0.05479141,0.72617993
0.10499123,0.05457580,0.72620633
0.10528173,0.05436752,0.72623146
0.10556031,0.05416615,0.72625537
0.10582751,0.05397130,0.72627811
0.10608385,0.05378261,0.72629972
0.10632983,0.05359971,0.72632024
0.10656591,0.05342225,0.72633971
0.10679254,0.05324989,0.72635818
0.10701017,0.05308229,0.72637567
0.10721922,0.05291913,0.72639222
0.10742007,0.05276011,0.72640786
0.10761313,0.05260491,0.72642262
0.10779876,0.05245323,0.72643653
0.10797732,0.05230479,0.72644962
0.10814916,0.05215930,0.72646191
0.10831459,0.05201647,0.72647342
0.10847395,0.05187604,0.72648418
0.10862753,0.05173773,0.72649421
0.10877564,0.05160128,0.72650353
0.10891855,0.05146643,0.72651215
0.10905655,0.05133291,0.72652009
0.10918989,0.05120047,0.72652737
0.10931884,0.05106886,0.72653400
0.10944365,0.05093781,0.72653999
0.10956454,0.05080709,0.72654536
0.10968176,0.05067644,0.72655011
0.10979553,0.05054560,0.72655426
0.10990607,0.05041432,0.72655781
0.11001359,0.05028236,0.72656077
0.11011830,0.05014946,0.72656314
0.11022040,0.05001536,0.72656494
0.11032008,0.04987981,0.72656615
0.11041755,0.04974254,0.72656680
0.11051298,0.04960329,0.72656687
0.11060655,0.04946180,0.72656636
0.11069846,0.04931778,0.72656528
0.11078887,0.04917097,0.72656363
0.11087796,0.04902109,0.72656140
0.11096591,0.04886783,0.72655858
0.11105287,0.04871092,0.72655517
0.11113902,0.04855004,0.72655117
0.11122452,0.04838488,0.72654656
0.11130954,0.04821514,0.72654134
0.11139424,0.04804048,0.72653550
0.11147879,0.04786057,0.72652903
0.11156334,0.04767506,0.72652191
0.11164806,0.04748360,0.72651413
0.11173311,0.04728581,0.72650567
0.11181865,0.04708132,0.72649653
0.11190486,0.04686973,0.72648668
0.11199189,0.04665063,0.72647609
0.11207992,0.04642361,0.72646476
0.11216911,0.04618823,0.72645267
0.11225963,0.04594404,0.72643977
0.11235166,0.04569056,0.72642606
0.11244537,0.04542731,0.72641151
0.11254095,0.04515378,0.72639609
0.11263858,0.04486944,0.72637976
0.11273844,0.04457376,0.72636250
0.11284074,0.04426616,0.72634427
0.11294566,0.04394604,0.72632504
0.11305340,0.04361280,0.72630478
0.11316419,0.04326579,0.72628343
0.11327821,0.04290435,0.72626097
0.11339571,0.04252777,0.72623735
0.11351690,0.04213535,0.72621252
0.11364201,0.04172631,0.72618643
0.11377129,0.04129988,0.72615904
0.11390499,0.04085523,0.72613030
0.11404336,0.04039151,0.72610014
0.11418666,0.03990783,0.72606851
0.11433518,0.03940326,0.72603534
0.11448920,0.03887682,0.72600059
0.11464902,0.03832751,0.72596417
0.11481494,0.03775426,0.72592601
0.11498728,0.03715599,0.72588605
0.11516637,0.03653152,0.72584421
0.11535257,0.03587967,0.72580041
0.11554621,0.03519919,0.72575456
0.11574769,0.03448875,0.72570657
0.11595738,0.03374700,0.72565636
0.11617570,0.03297251,0.72560382
0.11640305,0.03216379,0.72554886
0.11663988,0.03131928,0.72549136
0.11688664,0.03043736,0.72543123
0.11714380,0.02951634,0.72536833
0.11741187,0.02855444,0.72530256
0.11769135,0.02754982,0.72523378
0.11798279,0.02650053,0.72516187
0.11828674,0.02540457,0.72508668
0.11860379,0.02425983,0.72500807
0.11893455,0.02306410,0.72492589
0.11927965,0.02181508,0.72483999
0.11963976,0.02051037,0.72475018
0.12001558,0.01914747,0.72465631
0.12040781,0.01772376,0.72455820
0.12081723,0.01623648,0.72445564
0.12124461,0.01468279,0.72434846
0.12169077,0.01305970,0.72423643
0.12215659,0.01136408,0.72411935
0.12264294,0.00959268,0.72399699
0.12315077,0.00774208,0.72386911
0.12368105,0.00580873,0.72373547
0.12423481,0.00378891,0.72359581
0.12481310,0.00167874,0.72344987
0.12541705,-0.00052585,0.72329736
0.12659742,-0.00483832,0.72299899
0.12719930,-0.00703347,0.72284720
0.12777638,-0.00913599,0.72270190
0.12832973,-0.01114980,0.72256281
0.12886038,-0.01307866,0.72242969
0.12936933,-0.01492617,0.72230227
0.12985752,-0.01669577,0.72218032
0.13032586,-0.01839076,0.72206362
0.13077522,-0.02001431,0.72195194
0.13120646,-0.02156944,0.72184508
0.13162036,-0.02305906,0.72174284
0.13201771,-0.02448595,0.72164503
0.13239923,-0.02585276,0.72155146
0.13276566,-0.02716205,0.72146196
0.13311766,-0.02841625,0.72137637
0.13345590,-0.02961772,0.72129452
0.13378100,-0.03076868,0.72121626
0.13409358,-0.03187130,0.72114144
0.13439421,-0.03292761,0.72106994
0.13468346,-0.03393961,0.72100160
0.13496186,-0.03490916,0.72093631
0.13522994,-0.03583809,0.72087394
0.13548820,-0.03672812,0.72081438
0.13573711,-0.03758091,0.72075752
0.13597715,-0.03839806,0.72070324
0.13620876,-0.03918109,0.72065145
0.13643236,-0.03993147,0.72060206
0.13664839,-0.04065058,0.72055496
0.13685724,-0.04133977,0.72051008
0.13705930,-0.04200034,0.72046732
0.13725495,-0.04263350,0.72042661
0.13744455,-0.04324044,0.72038788
0.13762846,-0.04382230,0.72035104
0.13780702,-0.04438016,0.72031604
0.13798056,-0.04491505,0.72028280
0.13814941,-0.04542799,0.72025126
0.13831388,-0.04591992,0.72022137
0.13847428,-0.04639176,0.72019307
0.13863091,-0.04684439,0.72016631
0.13878406,-0.04727866,0.72014103
0.13893401,-0.04769538,0.72011719
0.13908105,-0.04809533,0.72009475
0.13922545,-0.04847924,0.72007366
0.13936748,-0.04884784,0.72005388
0.13950741,-0.04920181,0.72003538
0.13964549,-0.04954182,0.72001813
0.13978198,-0.04986850,0.72000208
0.13991714,-0.05018246,0.71998721
0.14005122,-0.05048428,0.71997350
0.14018447,-0.05077452,0.71996091
0.14031714,-0.05105374,0.71994943
0.14044948,-0.05132245,0.71993902
0.14058173,-0.05158114,0.71992969
0.14071414,-0.05183032,0.71992139
0.14084695,-0.05207042,0.71991413
0.14098042,-0.05230192,0.71990788
0.14111479,-0.05252523,0.71990264
0.14125032,-0.05274078,0.71989839
0.14138725,-0.05294896,0.71989512
0.14152585,-0.05315017,0.71989284
0.14166637,-0.05334478,0.71989154
0.14180907,-0.05353316,0.71989121
0.14195421,-0.05371565,0.71989185
0.14210208,-0.05389259,0.71989347
0.14225295,-0.05406432,0.71989606
0.14240709,-0.05423116,0.71989964
0.14256480,-0.05439341,0.71990420
0.14272637,-0.05455138,0.71990977
0.14289209,-0.05470537,0.71991634
0.14306229,-0.05485566,0.71992393
0.14323727,-0.05500253,0.71993256
0.14341737,-0.05514626,0.71994223
0.14360292,-0.05528711,0.71995298
0.14379426,-0.05542535,0.71996481
0.14399176,-0.05556123,0.71997776
0.14419577,-0.05569501,0.71999184
0.14440669,-0.05582694,0.72000708
0.14462491,-0.05595727,0.72002351
0.14485082,-0.05608623,0.72004116
0.14508486,-0.05621407,0.72006006
0.14532746,-0.05634102,0.72008026
0.14557908,-0.05646733,0.72010178
0.14584017,-0.05659323,0.72012466
0.14611124,-0.05671895,0.72014895
0.14639278,-0.05684473,0.72017470
0.14668532,-0.05697080,0.72020195
0.14698940,-0.05709740,0.72023075
0.14730560,-0.05722476,0.72026116
0.14763451,-0.05735313,0.72029324
0.14797672,-0.05748274,0.72032703
0.14833290,-0.05761383,0.72036262
0.14870369,-0.05774665,0.72040005
0.14908980,-0.05788144,0.72043941
0.14949194,-0.05801846,0.72048077
0.14991086,-0.05815796,0.72052419
0.15034734,-0.05830021,0.72056978
0.15080220,-0.05844546,0.72061760
0.15127629,-0.05859399,0.72066775
0.15177048,-0.05874608,0.72072032
0.15228571,-0.05890201,0.72077541
0.15282294,-0.05906207,0.72083313
0.15338316,-0.05922656,0.72089357
0.15396742,-0.05939578,0.72095686
0.15457681,-0.05957006,0.72102311
0.15521247,-0.05974971,0.72109245
0.15587558,-0.05993508,0.72116500
0.15656738,-0.06012650,0.72124090
0.15728917,-0.06032434,0.72132029
0.15804228,-0.06052896,0.72140332
0.15882813,-0.06074075,0.72149014
0.15964817,-0.06096010,0.72158092
0.16050394,-0.06118742,0.72167583
0.16139704,-0.06142313,0.72177504
0.16232913,-0.06166768,0.72187873
0.16330195,-0.06192152,0.72198711
0.16431731,-0.06218512,0.72210037
0.16537711,-0.06245897,0.72221873
0.16648333,-0.06274360,0.72234240
0.16763803,-0.06303952,0.72247162
0.16884336,-0.06334729,0.72260662
0.17010158,-0.06366748,0.72274766
0.17141502,-0.06400070,0.72289501
0.17278615,-0.06434755,0.72304893
0.17421751,-0.06470870,0.72320972
0.17571178,-0.06508481,0.72337767
0.17873085,-0.06584128,0.72371723
0.18022025,-0.06621266,0.72388458
0.18164633,-0.06656663,0.72404470
0.18301181,-0.06690384,0.72419787
0.18431929,-0.06722495,0.72434441
0.18557127,-0.06753057,0.72448457
0.18677012,-0.06782128,0.72461865
0.18791815,-0.06809763,0.72474687
0.18901753,-0.06836015,0.72486950
0.19007036,-0.06860935,0.72498677
0.19107866,-0.06884569,0.72509890
0.19204434,-0.06906963,0.72520610
0.19296925,-0.06928159,0.72530858
0.19385514,-0.06948198,0.72540653
0.19470371,-0.06967119,0.72550015
0.19551658,-0.06984956,0.72558960
0.19629529,-0.07001745,0.72567506
0.19704133,-0.07017517,0.72575669
0.19775613,-0.07032302,0.72583466
0.19844104,-0.07046129,0.72590910
0.19909738,-0.07059023,0.72598015
0.19972638,-0.07071010,0.72604797
0.20032927,-0.07082112,0.72611266
0.20090717,-0.07092351,0.72617436
0.20146120,-0.07101745,0.72623319
0.20199240,-0.07110314,0.72628926
0.20250181,-0.07118072,0.72634266
0.20299037,-0.07125036,0.72639352
0.20345904,-0.07131218,0.72644191
0.20390869,-0.07136630,0.72648794
0.20434019,-0.07141282,0.72653169
0.20475437,-0.07145184,0.72657325
0.20515200,-0.07148342,0.72661269
0.20553385,-0.07150763,0.72665010
0.20590065,-0.07152452,0.72668553
0.20625309,-0.07153410,0.72671907
0.20659185,-0.07153642,0.72675076
0.20691758,-0.07153146,0.72678068
0.20723089,-0.07151922,0.72680889
0.20753238,-0.07149968,0.72683542
0.20782263,-0.07147279,0.72686034
0.20810219,-0.07143851,0.72688370
0.20837160,-0.07139677,0.72690553
0.20863136,-0.07134750,0.72692588
0.20888198,-0.07129059,0.72694478
0.20912392,-0.07122594,0.72696228
0.20935766,-0.07115343,0.72697841
0.20958364,-0.07107292,0.72699320
0.20980228,-0.07098425,0.72700667
0.21001401,-0.07088726,0.72701885
0.21021923,-0.07078175,0.72702977
0.21041833,-0.07066754,0.72703944
0.21061169,-0.07054440,0.72704789
0.21079968,-0.07041209,0.72705512
0.21098265,-0.07027037,0.72706116
0.21116097,-0.07011897,0.72706602
0.21133495,-0.06995759,0.72706970
0.21150495,-0.06978592,0.72707221
0.21167128,-0.06960365,0.72707356
0.21183426,-0.06941042,0.72707375
0.21199420,-0.06920586,0.72707278
0.21215140,-0.06898959,0.72707064
0.21230617,-0.06876120,0.72706734
0.21245880,-0.06852023,0.72706287
0.21260957,-0.06826625,0.72705721
0.21275879,-0.06799876,0.72705037
0.21290673,-0.06771725,0.72704231
0.21305368,-0.06742118,0.72703304
0.21319991,-0.06711000,0.72702253
0.21334570,-0.06678311,0.72701076
0.21349134,-0.06643988,0.72699771
0.21363710,-0.06607966,0.72698336
0.21378325,-0.06570176,0.72696767
0.21393008,-0.06530547,0.72695062
0.21407787,-0.06489002,0.72693217
0.21422689,-0.06445463,0.72691229
0.21437744,-0.06399847,0.72689095
0.21452980,-0.06352066,0.72686809
0.21468426,-0.06302029,0.72684369
0.21484111,-0.06249641,0.72681768
0.21500065,-0.06194803,0.72679002
0.21516320,-0.06137409,0.72676067
0.21532905,-0.06077350,0.72672955
0.21549852,-0.06014512,0.72669662
0.21567194,-0.05948774,0.72666181
0.21584964,-0.05880012,0.72662505
0.21603196,-0.05808094,0.72658628
0.21621924,-0.05732883,0.72654542
0.21641184,-0.05654236,0.72650239
0.21661013,-0.05572003,0.72645711
0.21681448,-0.05486027,0.72640949
0.21702530,-0.05396143,0.72635944
0.21724297,-0.05302182,0.72630688
0.21746791,-0.05203963,0.72625169
0.21770056,-0.05101299,0.72619377
0.21794135,-0.04993995,0.72613301
0.21819075,-0.04881845,0.72606930
0.21844923,-0.04764636,0.72600252
0.21871728,-0.04642145,0.72593253
0.21899542,-0.04514138,0.72585920
0.21928417,-0.04380371,0.72578240
0.21958408,-0.04240589,0.72570197
0.21989574,-0.04094525,0.72561777
0.22021972,-0.03941900,0.72552963
0.22055666,-0.03782424,0.72543739
0.22090719,-0.03615793,0.72534086
0.22127197,-0.03441689,0.72523987
0.22165172,-0.03259780,0.72513423
0.22204714,-0.03069719,0.72502372
0.22245900,-0.02871143,0.72490815
0.22288807,-0.02663675,0.72478728
0.22333519,-0.02446918,0.72466090
0.22380119,-0.02220459,0.72452875
0.22428697,-0.01983866,0.72439059
0.22479346,-0.01736689,0.72424615
0.22532161,-0.01478455,0.72409517
0.22587245,-0.01208673,0.72393734
0.22644701,-0.00926828,0.72377237
0.22704640,-0.00632383,0.72359994
0.22767175,-0.00324775,0.72341973
0.22887369,0.00267049,0.72307301
0.22949780,0.00572800,0.72289423
0.23009792,0.00865558,0.72272334
0.23067518,0.01145873,0.72256004
0.23123067,0.01414270,0.72240401
0.23176542,0.01671254,0.72225496
0.23228044,0.01917306,0.72211261
0.23277669,0.02152888,0.72197670
0.23325511,0.02378442,0.72184697
0.23371659,0.02594391,0.72172318
0.23416199,0.02801139,0.72160509
0.23459216,0.02999075,0.72149248
0.23500790,0.03188570,0.72138515
0.23540999,0.03369980,0.72128289
0.23579919,0.03543645,0.72118550
0.23617622,0.03709890,0.72109282
0.23654179,0.03869027,0.72100465
0.23689659,0.04021355,0.72092084
0.23724128,0.04167160,0.72084123
0.23757651,0.04306715,0.72076567
0.23790291,0.04440282,0.72069402
0.23822109,0.04568112,0.72062615
0.23853165,0.04690444,0.72056192
0.23883516,0.04807507,0.72050122
0.23913221,0.04919522,0.72044393
0.23942334,0.05026699,0.72038994
0.23970911,0.05129237,0.72033916
0.23999004,0.05227331,0.72029149
0.24026667,0.05321164,0.72024683
0.24053952,0.05410911,0.72020512
0.24080909,0.05496742,0.72016625
0.24107589,0.05578817,0.72013018
0.24134043,0.05657290,0.72009682
0.24160320,0.05732308,0.72006611
0.24186468,0.05804013,0.72003800
0.24212538,0.05872538,0.72001243
0.24238578,0.05938012,0.71998936
0.24264637,0.06000559,0.71996875
0.24290764,0.06060294,0.71995054
0.24317008,0.06117331,0.71993472
0.24343418,0.06171777,0.71992124
0.24370043,0.06223733,0.71991009
0.24396934,0.06273296,0.71990124
0.24424141,0.06320561,0.71989468
0.24451716,0.06365615,0.71989040
0.24479708,0.06408544,0.71988838
0.24508173,0.06449426,0.71988863
0.24537162,0.06488341,0.71989113
0.24566730,0.06525359,0.71989591
0.24596932,0.06560551,0.71990296
0.24627826,0.06593983,0.71991231
0.24659469,0.06625718,0.71992396
0.24691920,0.06655814,0.71993794
0.24725241,0.06684329,0.71995428
0.24759493,0.06711316,0.71997300
0.24794742,0.06736826,0.71999415
0.24831053,0.06760905,0.72001775
0.24868494,0.06783601,0.72004386
0.24907136,0.06804954,0.72007253
0.24947051,0.06825006,0.72010381
0.24988314,0.06843794,0.72013775
0.25031002,0.06861353,0.72017442
0.25075196,0.06877715,0.72021390
0.25120978,0.06892913,0.72025624
0.25168434,0.06906973,0.72030154
0.25217653,0.06919923,0.72034988
0.25268728,0.06931787,0.72040134
0.25321755,0.06942588,0.72045603
0.25376832,0.06952344,0.72051405
0.25434063,0.06961076,0.72057551
0.25493556,0.06968798,0.72064052
0.25555422,0.06975526,0.72070920
0.25619777,0.06981272,0.72078168
0.25686742,0.06986047,0.72085810
0.25756443,0.06989860,0.72093861
0.25829009,0.06992718,0.72102335
0.25904578,0.06994626,0.72111248
0.25983291,0.06995589,0.72120616
0.26065296,0.06995607,0.72130459
0.26150747,0.06994681,0.72140793
0.26239803,0.06992809,0.72151639
0.26332632,0.06989988,0.72163016
0.26429409,0.06986212,0.72174946
0.26530314,0.06981474,0.72187452
0.26635536,0.06975766,0.72200557
0.26745275,0.06969076,0.72214285
0.26859734,0.06961392,0.72228662
0.26979129,0.06952700,0.72243716
0.27103684,0.06942984,0.72259473
0.27233632,0.06932224,0.72275965
0.27369217,0.06920402,0.72293222
0.27510694,0.06907494,0.72311276
0.27658328,0.06893477,0.72330161
0.27925921,0.06866972,0.72364465
0.28071830,0.06852222,0.72383152
0.28211541,0.06837900,0.72401025
0.28345321,0.06823978,0.72418118
0.28473427,0.06810429,0.72434464
0.28596103,0.06797228,0.72450094
0.28713584,0.06784350,0.72465038
0.28826095,0.06771769,0.72479325
0.28933851,0.06759461,0.72492981
0.29037057,0.06747404,0.72506034
0.29135912,0.06735574,0.72518508
0.29230604,0.06723948,0.72530426
0.29321315,0.06712504,0.72541812
0.29408218,0.06701221,0.72552688
0.29491479,0.06690076,0.72563073
0.29571258,0.06679048,0.72572989
0.29647707,0.06668117,0.72582454
0.29720972,0.06657262,0.72591486
0.29791194,0.06646460,0.72600103
0.29858506,0.06635693,0.72608320
0.29923038,0.06624939,0.72616154
0.29984913,0.06614178,0.72623620
0.30044249,0.06603389,0.72630731
0.30101160,0.06592552,0.72637502
0.30155755,0.06581645,0.72643946
0.30208138,0.06570649,0.72650074
0.30258409,0.06559541,0.72655899
0.30306664,0.06548301,0.72661431
0.30352997,0.06536908,0.72666682
0.30397494,0.06525338,0.72671660
0.30440242,0.06513571,0.72676377
0.30481322,0.06501584,0.72680840
0.30520813,0.06489354,0.72685059
0.30558791,0.06476857,0.72689041
0.30595327,0.06464069,0.72692795
0.30630492,0.06450967,0.72696326
0.30664353,0.06437525,0.72699642
0.30696975,0.06423717,0.72702750
0.30728421,0.06409517,0.72705655
0.30758749,0.06394898,0.72708363
0.30788019,0.06379831,0.72710878
0.30816287,0.06364289,0.72713207
0.30843606,0.06348240,0.72715352
0.30870029,0.06331655,0.72717319
0.30895606,0.06314503,0.72719112
0.30920386,0.06296749,0.72720732
0.30944417,0.06278360,0.72722185
0.30967744,0.06259301,0.72723472
0.30990412,0.06239535,0.72724595
0.31012465,0.06219025,0.72725558
0.31033945,0.06197732,0.72726361
0.31054892,0.06175614,0.72727007
0.31075348,0.06152629,0.72727497
0.31095350,0.06128734,0.72727831
0.31114937,0.06103883,0.72728011
0.31134148,0.06078028,0.72728036
0.31153017,0.06051119,0.72727906
0.31171582,0.06023106,0.72727622
0.31189879,0.05993934,0.72727183
0.31207941,0.05963549,0.72726588
0.31225804,0.05931891,0.72725835
0.31243501,0.05898900,0.72724924
0.31261067,0.05864513,0.72723853
0.31278536,0.05828665,0.72722619
0.31295940,0.05791286,0.72721220
0.31313312,0.05752306,0.72719655
0.31330687,0.05711649,0.72717918
0.31348098,0.05669239,0.72716008
0.31365577,0.05624993,0.72713921
0.31383158,0.05578827,0.72711652
0.31400874,0.05530654,0.72709197
0.31418761,0.05480380,0.72706552
0.31436851,0.05427909,0.72703712
0.31455180,0.05373142,0.72700670
0.31473782,0.05315974,0.72697422
0.31492693,0.05256294,0.72693961
0.31511949,0.05193990,0.72690280
0.31531588,0.05128941,0.72686373
0.31551646,0.05061024,0.72682232
0.31572162,0.04990108,0.72677848
0.31593175,0.04916058,0.72673214
0.31614725,0.04838732,0.72668321
0.31636855,0.04757983,0.72663160
0.31659605,0.04673656,0.72657720
0.31683020,0.04585589,0.72651991
0.31707143,0.04493614,0.72645962
0.31732023,0.04397556,0.72639622
0.31757705,0.04297230,0.72632958
0.31784240,0.04192445,0.72625958
0.31811677,0.04082999,0.72618609
0.31840070,0.03968685,0.72610896
0.31869472,0.03849283,0.72602804
0.31899940,0.03724565,0.72594318
0.31931532,0.03594292,0.72585423
0.31964309,0.03458215,0.72576100
0.31998333,0.03316074,0.72566332
0.32033670,0.03167597,0.72556100
0.32070386,0.03012500,0.72545385
0.32108553,0.02850486,0.72534167
0.32148243,0.02681245,0.72522423
0.32189532,0.02504455,0.72510132
0.32232499,0.02319776,0.72497269
0.32277226,0.02126855,0.72483811
0.32323799,0.01925324,0.72469731
0.32372307,0.01714796,0.72455002
0.32422842,0.01494870,0.72439597
0.32475502,0.01265125,0.72423486
0.32530387,0.01025120,0.72406638
0.32587602,0.00774398,0.72389021
0.32647256,0.00512478,0.72370601
0.32709464,0.00238860,0.72351343
0.32834527,-0.00311864,0.72312567
0.32896847,-0.00584842,0.72293391
0.32956814,-0.00846267,0.72275065
0.33014543,-0.01096627,0.72257557
0.33070139,-0.01336392,0.72240832
0.33123708,-0.01566011,0.72224861
0.33175350,-0.01785913,0.72209613
0.33225160,-0.01996510,0.72195059
0.33273234,-0.02198197,0.72181172
0.33319660,-0.02391350,0.72167927
0.33364525,-0.02576332,0.72155298
0.33407914,-0.02753489,0.72143262
0.33449908,-0.02923153,0.72131796
0.33490585,-0.03085640,0.72120879
0.33530022,-0.03241255,0.72110490
0.33568291,-0.03390291,0.72100610
0.33605466,-0.03533024,0.72091221
0.33641616,-0.03669724,0.72082304
0.33676807,-0.03800645,0.72073844
0.33711107,-0.03926033,0.72065824
0.33744579,-0.04046122,0.72058229
0.33777286,-0.04161138,0.72051045
0.33809289,-0.04271296,0.72044259
0.33840648,-0.04376801,0.72037857
0.33871422,-0.04477852,0.72031829
0.33901668,-0.04574637,0.72026162
0.33931444,-0.04667338,0.72020847
0.33960804,-0.04756129,0.72015872
0.33989804,-0.04841174,0.72011229
0.34018498,-0.04922635,0.72006909
0.34046940,-0.05000663,0.72002905
0.34075183,-0.05075404,0.71999207
0.34103279,-0.05146998,0.71995811
0.34131283,-0.05215579,0.71992708
0.34159245,-0.05281277,0.71989894
0.34187218,-0.05344212,0.71987363
0.34215255,-0.05404504,0.71985111
0.34243408,-0.05462266,0.71983133
0.34271730,-0.05517605,0.71981425
0.34300274,-0.05570625,0.71979984
0.34329093,-0.05621425,0.71978808
0.34358241,-0.05670100,0.71977895
0.34387773,-0.05716743,0.71977242
0.34417744,-0.05761439,0.71976849
0.34448210,-0.05804272,0.71976714
0.34479228,-0.05845323,0.71976838
0.34510857,-0.05884669,0.71977220
0.34543155,-0.05922383,0.71977862
0.34576183,-0.05958535,0.71978765
0.34610003,-0.05993195,0.71979929
0.34644678,-0.06026425,0.71981359
0.34680273,-0.06058289,0.71983055
0.34716854,-0.06088847,0.71985022
0.34754491,-0.06118154,0.71987263
0.34793253,-0.06146267,0.71989782
0.34833214,-0.06173238,0.71992584
0.34874447,-0.06199118,0.71995674
0.34917031,-0.06223954,0.71999058
0.34961044,-0.06247794,0.72002742
0.35006570,-0.06270681,0.72006734
0.35053693,-0.06292660,0.72011040
0.35102502,-0.06313770,0.72015669
0.35153088,-0.06334052,0.72020630
0.35205546,-0.06353544,0.72025931
0.35259973,-0.06372281,0.72031582
0.35316473,-0.06390300,0.72037595
0.35375150,-0.06407633,0.72043981
0.35436115,-0.06424313,0.72050750
0.35499481,-0.06440372,0.72057917
0.35565368,-0.06455840,0.72065494
0.35633898,-0.06470744,0.72073496
0.35705200,-0.06485115,0.72081938
0.35779408,-0.06498977,0.72090835
0.35856659,-0.06512358,0.72100204
0.35937100,-0.06525282,0.72110063
0.36020880,-0.06537773,0.72120429
0.36108157,-0.06549856,0.72131324
0.36199093,-0.06561551,0.72142766
0.36293859,-0.06572882,0.72154778
0.36392633,-0.06583870,0.72167381
0.36495598,-0.06594535,0.72180600
0.36602949,-0.06604897,0.72194459
0.36714886,-0.06614975,0.72208984
0.36831618,-0.06624789,0.72224203
0.36953365,-0.06634357,0.72240143
0.37080353,-0.06643696,0.72256835
0.37212822,-0.06652824,0.72274309
0.37351018,-0.06661759,0.72292599
0.37495200,-0.06670517,0.72311739
0.37645639,-0.06679114,0.72331765
0.37868668,-0.06691088,0.72361511
0.38015438,-0.06698686,0.72381063
0.38155982,-0.06705728,0.72399764
0.38290566,-0.06712229,0.72417649
0.38419450,-0.06718200,0.72434751
0.38542877,-0.06723652,0.72451103
0.38661086,-0.06728597,0.72466738
0.38774300,-0.06733043,0.72481684
0.38882737,-0.06737000,0.72495970
0.38986603,-0.06740474,0.72509623
0.39086098,-0.06743473,0.72522670
0.39181410,-0.06746001,0.72535136
0.39272722,-0.06748065,0.72547043
0.39360209,-0.06749667,0.72558416
0.39444038,-0.06750811,0.72569275
0.39524368,-0.06751499,0.72579642
0.39601353,-0.06751733,0.72589535
0.39675141,-0.06751512,0.72598975
0.39745872,-0.06750837,0.72607980
0.39813681,-0.06749706,0.72616565
0.39878697,-0.06748117,0.72624748
0.39941046,-0.06746067,0.72632545
0.40000846,-0.06743552,0.72639970
0.40058211,-0.06740567,0.72647037
0.40113250,-0.06737106,0.72653761
0.40166070,-0.06733164,0.72660153
0.40216771,-0.06728732,0.72666226
0.40265449,-0.06723801,0.72671992
0.40312198,-0.06718363,0.72677461
0.40357107,-0.06712408,0.72682645
0.40400262,-0.06705923,0.72687552
0.40441745,-0.06698896,0.72692193
0.40481636,-0.06691314,0.72696576
0.40520010,-0.06683163,0.72700709
0.40556941,-0.06674426,0.72704601
0.40592499,-0.06665088,0.72708259
0.40626753,-0.06655130,0.72711690
0.40659768,-0.06644533,0.72714901
0.40691606,-0.06633277,0.72717897
0.40722330,-0.06621341,0.72720684
0.40751996,-0.06608702,0.72723268
0.40780663,-0.06595335,0.72725653
0.40808385,-0.06581216,0.72727845
0.40835214,-0.06566316,0.72729847
0.40861202,-0.06550609,0.72731663
0.40886399,-0.06534062,0.72733296
0.40910853,-0.06516646,0.72734751
0.40934610,-0.06498327,0.72736028
0.40957716,-0.06479070,0.72737132
0.40980215,-0.06458837,0.72738064
0.41002150,-0.06437591,0.72738826
0.41023563,-0.06415291,0.72739419
0.41044494,-0.06391894,0.72739844
0.41064985,-0.06367355,0.72740103
0.41085073,-0.06341628,0.72740195
0.41104798,-0.06314663,0.72740121
0.41124196,-0.06286410,0.72739881
0.41143306,-0.06256813,0.72739474
0.41162162,-0.06225817,0.72738900
0.41180803,-0.06193363,0.72738157
0.41199262,-0.06159387,0.72737245
0.41217576,-0.06123826,0.72736160
0.41235780,-0.06086611,0.72734902
0.41253907,-0.06047672,0.72733467
0.41271993,-0.06006934,0.72731854
0.41290073,-0.05964319,0.72730058
0.41308180,-0.05919746,0.72728077
0.41326350,-0.05873129,0.72725907
0.41344617,-0.05824380,0.72723544
0.41363016,-0.05773405,0.72720982
0.41381582,-0.05720108,0.72718218
0.41400350,-0.05664386,0.72715245
0.41419357,-0.05606133,0.72712059
0.41438639,-0.05545237,0.72708653
0.41458233,-0.05481583,0.72705021
0.41478175,-0.05415048,0.72701156
0.41498505,-0.05345506,0.72697049
0.41519261,-0.05272824,0.72692695
0.41540482,-0.05196863,0.72688083
0.41562209,-0.05117478,0.72683206
0.41584484,-0.05034517,0.72678053
0.41607350,-0.04947821,0.72672617
0.41630849,-0.04857226,0.72666884
0.41655026,-0.04762558,0.72660846
0.41679929,-0.04663637,0.72654490
0.41705604,-0.04560272,0.72647804
0.41732101,-0.04452268,0.72640776
0.41759470,-0.04339417,0.72633392
0.41787764,-0.04221504,0.72625637
0.41817035,-0.04098304,0.72617498
0.41847342,-0.03969582,0.72608958
0.41878740,-0.03835091,0.72600001
0.41911291,-0.03694575,0.72590611
0.41945056,-0.03547765,0.72580769
0.41980100,-0.03394381,0.72570456
0.42016490,-0.03234131,0.72559653
0.42054296,-0.03066707,0.72548338
0.42093589,-0.02891790,0.72536492
0.42134444,-0.02709046,0.72524090
0.42176940,-0.02518125,0.72511109
0.42221158,-0.02318664,0.72497524
0.42267183,-0.02110282,0.72483310
0.42315101,-0.01892579,0.72468439
0.42365006,-0.01665141,0.72452883
0.42416991,-0.01427532,0.72436612
0.42471157,-0.01179300,0.72419595
0.42527606,-0.00919970,0.72401800
0.42586448,-0.00649046,0.72383192
0.42647793,-0.00366011,0.72363736
0.42711760,-0.00070325,0.72343395
0.42801575,0.00344955,0.72314829
0.42864177,0.00632855,0.72295068
0.42924421,0.00908544,0.72276185
0.42982418,0.01172539,0.72258144
0.43038278,0.01425334,0.72240912
0.43092106,0.01667403,0.72224457
0.43144001,0.01899200,0.72208748
0.43194063,0.02121159,0.72193755
0.43242383,0.02333696,0.72179450
0.43289053,0.02537209,0.72165807
0.43334161,0.02732079,0.72152800
0.43377790,0.02918672,0.72140404
0.43420023,0.03097338,0.72128596
0.43460938,0.03268410,0.72117355
0.43500613,0.03432209,0.72106659
0.43539121,0.03589044,0.72096487
0.43576536,0.03739206,0.72086822
0.43612926,0.03882978,0.72077645
0.43648360,0.04020630,0.72068938
0.43682905,0.04152418,0.72060686
0.43716625,0.04278590,0.72052873
0.43749583,0.04399382,0.72045484
0.43781841,0.04515022,0.72038505
0.43813460,0.04625724,0.72031924
0.43844499,0.04731698,0.72025728
0.43875016,0.04833140,0.72019905
0.43905068,0.04930242,0.72014445
0.43934712,0.05023186,0.72009337
0.43964003,0.05112145,0.72004572
0.43992995,0.05197286,0.72000140
0.44021744,0.05278769,0.71996034
0.44050303,0.05356746,0.71992246
0.44078725,0.05431364,0.71988768
0.44107065,0.05502762,0.71985595
0.44135374,0.05571075,0.71982720
0.44163706,0.05636429,0.71980138
0.44192115,0.05698948,0.71977843
0.44220653,0.05758749,0.71975833
0.44249374,0.05815943,0.71974102
0.44278331,0.05870639,0.71972648
0.44307579,0.05922937,0.71971468
0.44337173,0.05972938,0.71970560
0.44367168,0.06020733,0.71969921
0.44397620,0.06066413,0.71969552
0.44428587,0.06110063,0.71969451
0.44460126,0.06151766,0.71969617
0.44492297,0.06191598,0.71970052
0.44525160,0.06229636,0.71970757
0.44558776,0.06265949,0.71971731
0.44593208,0.06300607,0.71972978
0.44628521,0.06333673,0.71974499
0.44664781,0.06365211,0.71976298
0.44702057,0.06395279,0.71978378
0.44740417,0.06423933,0.71980742
0.44779933,0.06451227,0.71983395
0.44820681,0.06477213,0.71986343
0.44862736,0.06501938,0.71989590
0.44906176,0.06525450,0.71993143
0.44951084,0.06547793,0.71997008
0.44997543,0.06569007,0.72001193
0.45045641,0.06589134,0.72005705
0.45095468,0.06608210,0.72010553
0.45147116,0.06626271,0.72015747
0.45200683,0.06643352,0.72021294
0.45256269,0.06659485,0.72027207
0.45313979,0.06674698,0.72033497
0.45373920,0.06689022,0.72040174
0.45436205,0.06702483,0.72047251
0.45500950,0.06715105,0.72054743
0.45568277,0.06726914,0.72062662
0.45638312,0.06737930,0.72071024
0.45711186,0.06748175,0.72079844
0.45787036,0.06757667,0.72089139
0.45866003,0.06766425,0.72098926
0.45948236,0.06774465,0.72109224
0.46033889,0.06781802,0.72120051
0.46123123,0.06788449,0.72131429
0.46216104,0.06794420,0.72143378
0.46313006,0.06799725,0.72155921
0.46414013,0.06804374,0.72169082
0.46519311,0.06808376,0.72182884
0.46629100,0.06811739,0.72197355
0.46743584,0.06814469,0.72212520
0.46862978,0.06816570,0.72228409
0.46987506,0.06818047,0.72245051
0.47117402,0.06818903,0.72262477
0.47252907,0.06819139,0.72280721
0.47394278,0.06818756,0.72299815
0.47541777,0.06817753,0.72319797
0.47834849,0.06814340,0.72359617
0.47981594,0.06812259,0.72379539
0.48122113,0.06810039,0.72398592
0.48256673,0.06807677,0.72416814
0.48385532,0.06805167,0.72434238
0.48508935,0.06802506,0.72450899
0.48627120,0.06799688,0.72466828
0.48740311,0.06796708,0.72482055
0.48848724,0.06793560,0.72496609
0.48952568,0.06790238,0.72510519
0.49052041,0.06786736,0.72523811
0.49147332,0.06783047,0.72536510
0.49238624,0.06779164,0.72548641
0.49326091,0.06775079,0.72560227
0.49409900,0.06770785,0.72571289
0.49490212,0.06766273,0.72581850
0.49567181,0.06761536,0.72591929
0.49640952,0.06756563,0.72601545
0.49711667,0.06751346,0.72610717
0.49779462,0.06745874,0.72619463
0.49844465,0.06740137,0.72627798
0.49906802,0.06734124,0.72635740
0.49966590,0.06727823,0.72643303
0.50023945,0.06721223,0.72650502
0.50078977,0.06714311,0.72657350
0.50131789,0.06707073,0.72663861
0.50182484,0.06699496,0.72670046
0.50231157,0.06691565,0.72675919
0.50277903,0.06683266,0.72681489
0.50322810,0.06674582,0.72686769
0.50365964,0.06665496,0.72691766
0.50407448,0.06655992,0.72696493
0.50447341,0.06646051,0.72700956
0.50485720,0.06635654,0.72705166
0.50522656,0.06624781,0.72709129
0.50558222,0.06613412,0.72712854
0.50592485,0.06601524,0.72716347
0.50625511,0.06589096,0.72719616
0.50657362,0.06576103,0.72722666
0.50688100,0.06562521,0.72725504
0.50717783,0.06548323,0.72728134
0.50746469,0.06533482,0.72730563
0.50774211,0.06517970,0.72732793
0.50801063,0.06501758,0.72734831
0.50827076,0.06484814,0.72736679
0.50852300,0.06467106,0.72738341
0.50876784,0.06448601,0.72739820
0.50900573,0.06429262,0.72741120
0.50923713,0.06409053,0.72742242
0.50946250,0.06387935,0.72743189
0.50968225,0.06365868,0.72743962
0.50989680,0.06342810,0.72744564
0.51010657,0.06318717,0.72744995
0.51031196,0.06293542,0.72745256
0.51051337,0.06267237,0.72745347
0.51071116,0.06239753,0.72745269
0.51090573,0.06211036,0.72745022
0.51109744,0.06181033,0.72744605
0.51128667,0.06149684,0.72744017
0.51147377,0.06116931,0.72743257
0.51165909,0.06082712,0.72742324
0.51184301,0.06046959,0.72741216
0.51202586,0.06009606,0.72739930
0.51220799,0.05970581,0.72738465
0.51238976,0.05929809,0.72736818
0.51257151,0.05887213,0.72734985
0.51275359,0.05842710,0.72732963
0.51293634,0.05796216,0.72730747
0.51312012,0.05747643,0.72728335
0.51330528,0.05696896,0.72725721
0.51349217,0.05643880,0.72722900
0.51368114,0.05588492,0.72719867
0.51387257,0.05530628,0.72716616
0.51406681,0.05470176,0.72713141
0.51426423,0.05407021,0.72709435
0.51446522,0.05341043,0.72705490
0.51467016,0.05272114,0.72701301
0.51487944,0.05200104,0.72696858
0.51509345,0.05124875,0.72692153
0.51531261,0.05046283,0.72687177
0.51553734,0.04964177,0.72681921
0.51576807,0.04878402,0.72676374
0.51600523,0.04788792,0.72670526
0.51624929,0.04695178,0.72664365
0.51650070,0.04597379,0.72657881
0.51675995,0.04495209,0.72651060
0.51702753,0.04388473,0.72643890
0.51730396,0.04276966,0.72636357
0.51758976,0.04160476,0.72628446
0.51788547,0.04038780,0.72620142
0.51819168,0.03911646,0.72611429
0.51850895,0.03778830,0.72602292
0.51883789,0.03640078,0.72592712
0.51917914,0.03495126,0.72582670
0.51953335,0.03343696,0.72572149
0.51990119,0.03185500,0.72561127
0.52028336,0.03020234,0.72549584
0.52068061,0.02847583,0.72537498
0.52109368,0.02667216,0.72524845
0.52152336,0.02478790,0.72511601
0.52197048,0.02281945,0.72497741
0.52243589,0.02076303,0.72483239
0.52292048,0.01861472,0.72468067
0.52342518,0.01637041,0.72452195
0.52395095,0.01402582,0.72435594
0.52449879,0.01157646,0.72418231
0.52506976,0.00901765,0.72400075
0.52566494,0.00634451,0.72381089
0.52628547,0.00355192,0.72361237
0.52693254,0.00063454,0.72340482
0.52768899,-0.00277496,0.72316235
0.52831649,-0.00558861,0.72296265
0.52892035,-0.00828304,0.72277183
0.52950171,-0.01086329,0.72258953
0.53006164,-0.01333420,0.72241539
0.53060121,-0.01570040,0.72224910
0.53112142,-0.01796631,0.72209034
0.53162325,-0.02013618,0.72193882
0.53210763,-0.02221408,0.72179424
0.53257547,-0.02420389,0.72165636
0.53302766,-0.02610935,0.72152489
0.53346503,-0.02793403,0.72139960
0.53388840,-0.02968133,0.72128026
0.53429858,-0.03135454,0.72116663
0.53469632,-0.03295679,0.72105851
0.53508237,-0.03449107,0.72095569
0.53545746,-0.03596027,0.72085798
0.53582229,-0.03736714,0.72076520
0.53617754,-0.03871430,0.72067718
0.53652387,-0.04000429,0.72059374
0.53686194,-0.04123952,0.72051474
0.53719238,-0.04242231,0.72044002
0.53751581,-0.04355486,0.72036944
0.53783283,-0.04463931,0.72030288
0.53814403,-0.04567767,0.72024021
0.53845001,-0.04667190,0.72018131
0.53875133,-0.04762387,0.72012607
0.53904855,-0.04853534,0.72007438
0.53934224,-0.04940803,0.72002615
0.53963295,-0.05024358,0.71998130
0.53992121,-0.05104355,0.71993973
0.54020758,-0.05180943,0.71990137
0.54049257,-0.05254267,0.71986614
0.54077674,-0.05324463,0.71983399
0.54106061,-0.05391664,0.71980484
0.54134471,-0.05455994,0.71977865
0.54162958,-0.05517575,0.71975536
0.54191574,-0.05576521,0.71973494
0.54220374,-0.05632944,0.71971734
0.54249412,-0.05686948,0.71970254
0.54278741,-0.05738636,0.71969049
0.54308417,-0.05788103,0.71968119
0.54338495,-0.05835443,0.71967461
0.54369032,-0.05880744,0.71967074
0.54400085,-0.05924091,0.71966958
0.54431712,-0.05965566,0.71967112
0.54463972,-0.06005245,0.71967536
0.54496926,-0.06043203,0.71968232
0.54530635,-0.06079512,0.71969200
0.54565163,-0.06114239,0.71970442
0.54600574,-0.06147450,0.71971961
0.54636935,-0.06179206,0.71973760
0.54674313,-0.06209567,0.71975842
0.54712779,-0.06238590,0.71978210
0.54752405,-0.06266329,0.71980870
0.54793264,-0.06292837,0.71983826
0.54835435,-0.06318162,0.71987084
0.54878994,-0.06342353,0.71990649
0.54924025,-0.06365454,0.71994530
0.54970611,-0.06387510,0.71998732
0.55018840,-0.06408560,0.72003263
0.55068802,-0.06428646,0.72008133
0.55120591,-0.06447803,0.72013351
0.55174303,-0.06466069,0.72018925
0.55230039,-0.06483477,0.72024867
0.55287904,-0.06500060,0.72031187
0.55348006,-0.06515850,0.72037898
0.55410457,-0.06530875,0.72045012
0.55475375,-0.06545163,0.72052542
0.55542882,-0.06558742,0.72060503
0.55613102,-0.06571638,0.72068910
0.55686169,-0.06583873,0.72077777
0.55762219,-0.06595471,0.72087122
0.55841395,-0.06606454,0.72096963
0.55923844,-0.06616843,0.72107317
0.56009721,-0.06626656,0.72118204
0.56099187,-0.06635912,0.72129645
0.56192410,-0.06644629,0.72141660
0.56289564,-0.06652823,0.72154273
0.56390832,-0.06660509,0.72167507
0.56496402,-0.06667702,0.72181387
0.56606473,-0.06674414,0.72195939
0.56721250,-0.06680660,0.72211190
0.56840950,-0.06686449,0.72227168
0.56965795,-0.06691794,0.72243904
0.57096020,-0.06696704,0.72261429
0.57231870,-0.06701188,0.72279776
0.57373597,-0.06705256,0.72298979
0.57521468,-0.06708913,0.72319074
0.57811036,-0.06714727,0.72358540
0.57957988,-0.06717308,0.72378552
0.58098705,-0.06719547,0.72397691
0.58233455,-0.06721450,0.72415995
0.58362497,-0.06723020,0.72433499
0.58486076,-0.06724261,0.72450235
0.58604429,-0.06725173,0.72466236
0.58717781,-0.06725760,0.72481533
0.58826351,-0.06726022,0.72496154
0.58930344,-0.06725960,0.72510127
0.59029959,-0.06725574,0.72523480
0.59125388,-0.06724862,0.72536238
0.59216812,-0.06723824,0.72548424
0.59304406,-0.06722458,0.72560063
0.59388338,-0.06720761,0.72571177
0.59468767,-0.06718729,0.72581787
0.59545848,-0.06716359,0.72591913
0.59619727,-0.06713647,0.72601574
0.59690546,-0.06710587,0.72610789
0.59758441,-0.06707173,0.72619576
0.59823541,-0.06703399,0.72627951
0.59885969,-0.06699258,0.72635931
0.59945847,-0.06694741,0.72643530
0.60003287,-0.06689840,0.72650764
0.60058401,-0.06684546,0.72657645
0.60111292,-0.06678848,0.72664187
0.60162063,-0.06672736,0.72670403
0.60210809,-0.06666198,0.72676305
0.60257625,-0.06659222,0.72681903
0.60302600,-0.06651793,0.72687209
0.60345820,-0.06643899,0.72692232
0.60387367,-0.06635524,0.72696983
0.60427320,-0.06626651,0.72701470
0.60465757,-0.06617265,0.72705701
0.60502750,-0.06607346,0.72709686
0.60538370,-0.06596876,0.72713431
0.60572685,-0.06585836,0.72716944
0.60605762,-0.06574203,0.72720231
0.60637662,-0.06561956,0.72723299
0.60668447,-0.06549072,0.72726154
0.60698176,-0.06535525,0.72728800
0.60726905,-0.06521290,0.72731244
0.60754690,-0.06506339,0.72733489
0.60781584,-0.06490645,0.72735541
0.60807637,-0.06474176,0.72737402
0.60832900,-0.06456902,0.72739077
0.60857421,-0.06438790,0.72740568
0.60881247,-0.06419805,0.72741880
0.60904424,-0.06399910,0.72743013
0.60926995,-0.06379068,0.72743970
0.60949004,-0.06357239,0.72744754
0.60970492,-0.06334382,0.72745365
0.60991502,-0.06310451,0.72745804
0.61012072,-0.06285402,0.72746074
0.61032243,-0.06259188,0.72746173
0.61052053,-0.06231757,0.72746103
0.61071540,-0.06203057,0.72745862
0.61090741,-0.06173034,0.72745452
0.61109692,-0.06141630,0.72744870
0.61128430,-0.06108785,0.72744116
0.61146991,-0.06074437,0.72743189
0.61165410,-0.06038519,0.72742086
0.61183722,-0.06000964,0.72740805
0.61201963,-0.05961699,0.72739345
0.61220167,-0.05920649,0.72737701
0.61238369,-0.05877736,0.72735872
0.61256604,-0.05832878,0.72733854
0.61274906,-0.05785990,0.72731642
0.61293311,-0.05736981,0.72729232
0.61311853,-0.05685758,0.72726621
0.61330569,-0.05632223,0.72723802
0.61349494,-0.05576274,0.72720771
0.61368663,-0.05517803,0.72717522
0.61388115,-0.05456700,0.72714048
0.61407885,-0.05392848,0.72710343
0.61428012,-0.05326123,0.72706400
0.61448534,-0.05256400,0.72702211
0.61469491,-0.05183544,0.72697768
0.61490922,-0.05107417,0.72693063
0.61512868,-0.05027873,0.72688087
0.61535371,-0.04944760,0.72682830
0.61558475,-0.04857919,0.72677283
0.61582223,-0.04767185,0.72671434
0.61606661,-0.04672383,0.72665272
0.61631835,-0.04573333,0.72658787
0.61657794,-0.04469846,0.72651964
0.61684588,-0.04361723,0.72644792
0.61712266,-0.04248758,0.72637256
0.61740883,-0.04130736,0.72629343
0.61770493,-0.04007431,0.72621036
0.61801152,-0.03878607,0.72612321
0.61832919,-0.03744018,0.72603180
0.61865855,-0.03603407,0.72593596
0.61900023,-0.03456504,0.72583551
0.61935488,-0.03303031,0.72573026
0.61972318,-0.03142693,0.72561999
0.62010583,-0.02975183,0.72550452
0.62050356,-0.02800183,0.72538360
0.62091714,-0.02617356,0.72525702
0.62134735,-0.02426355,0.72512453
0.62179501,-0.02226814,0.72498587
0.62226098,-0.02018352,0.72484078
0.62274616,-0.01800571,0.72468899
0.62325146,-0.01573053,0.72453021
0.62377786,-0.01335366,0.72436413
0.62432635,-0.01087054,0.72419043
0.62489799,-0.00827643,0.72400878
0.62549388,-0.00556637,0.72381883
0.62611514,-0.00273519,0.72362023
0.62676296,0.00022253,0.72341259
0.62750901,0.00362749,0.72317364
0.62813681,0.00647793,0.72297400
0.62874095,0.00920752,0.72278323
0.62932257,0.01182136,0.72260097
0.62988277,0.01432436,0.72242688
0.63042258,0.01672119,0.72226063
0.63094302,0.01901636,0.72210190
0.63144506,0.02121416,0.72195041
0.63192965,0.02331871,0.72180587
0.63239769,0.02533394,0.72166801
0.63285006,0.02726365,0.72153656
0.63328761,0.02911143,0.72141129
0.63371116,0.03088075,0.72129196
0.63412149,0.03257494,0.72117834
0.63451938,0.03419715,0.72107023
0.63490558,0.03575042,0.72096741
0.63528080,0.03723768,0.72086970
0.63564576,0.03866170,0.72077692
0.63600112,0.04002515,0.72068889
0.63634757,0.04133059,0.72060544
0.63668575,0.04258046,0.72052642
0.63701628,0.04377710,0.72045168
0.63733980,0.04492275,0.72038109
0.63765691,0.04601957,0.72031450
0.63796820,0.04706960,0.72025180
0.63827425,0.04807481,0.72019286
0.63857564,0.04903708,0.72013758
0.63887293,0.04995823,0.72008585
0.63916668,0.05083996,0.72003758
0.63945744,0.05168394,0.71999268
0.63974575,0.05249175,0.71995105
0.64003216,0.05326490,0.71991263
0.64031720,0.05400483,0.71987734
0.64060140,0.05471293,0.71984511
0.64088530,0.05539054,0.71981589
0.64116943,0.05603891,0.71978962
0.64145432,0.05665927,0.71976625
0.64174051,0.05725277,0.71974574
0.64202852,0.05782053,0.71972805
0.64231891,0.05836361,0.71971314
0.64261221,0.05888303,0.71970099
0.64290897,0.05937976,0.71969158
0.64320976,0.05985473,0.71968488
0.64351512,0.06030883,0.71968089
0.64382565,0.06074292,0.71967959
0.64414191,0.06115780,0.71968099
0.64446449,0.06155425,0.71968509
0.64479401,0.06193302,0.71969189
0.64513109,0.06229481,0.71970141
0.64547634,0.06264031,0.71971366
0.64583042,0.06297015,0.71972867
0.64619400,0.06328496,0.71974647
0.64656775,0.06358533,0.71976710
0.64695237,0.06387182,0.71979057
0.64734859,0.06414497,0.71981696
0.64775714,0.06440528,0.71984629
0.64817879,0.06465325,0.71987863
0.64861434,0.06488934,0.71991404
0.64906459,0.06511399,0.71995258
0.64953040,0.06532763,0.71999433
0.65001262,0.06553065,0.72003937
0.65051218,0.06572343,0.72008777
0.65102999,0.06590634,0.72013963
0.65156704,0.06607971,0.72019505
0.65212433,0.06624388,0.72025413
0.65270289,0.06639915,0.72031698
0.65330383,0.06654581,0.72038371
0.65392826,0.06668413,0.72045447
0.65457734,0.06681438,0.72052936
0.65525231,0.06693680,0.72060855
0.65595442,0.06705162,0.72069217
0.65668498,0.06715905,0.72078038
0.65744537,0.06725929,0.72087335
0.65823701,0.06735253,0.72097125
0.65906138,0.06743896,0.72107426
0.65992003,0.06751872,0.72118259
0.66081457,0.06759196,0.72129642
0.66174667,0.06765884,0.72141597
0.66271807,0.06771946,0.72154148
0.66373060,0.06777395,0.72167316
0.66478616,0.06782240,0.72181128
0.66588671,0.06786492,0.72195608
0.66703433,0.06790156,0.72210784
0.66823116,0.06793242,0.72226685
0.66947945,0.06795753,0.72243339
0.67078153,0.06797696,0.72260779
0.67213984,0.06799073,0.72279037
0.67355693,0.06799888,0.72298148
0.67503545,0.06800141,0.72318146
0.67791051,0.06799281,0.72357147
0.67937907,0.06798478,0.72377052
0.68078531,0.06797481,0.72396089
0.68213194,0.06796289,0.72414296
0.68342151,0.06794901,0.72431706
0.68465649,0.06793312,0.72448354
0.68583924,0.06791520,0.72464270
0.68697203,0.06789522,0.72479485
0.68805701,0.06787314,0.72494029
0.68909626,0.06784892,0.72507929
0.69009177,0.06782250,0.72521211
0.69104543,0.06779385,0.72533902
0.69195907,0.06776289,0.72546025
0.69283443,0.06772959,0.72557603
0.69367319,0.06769386,0.72568659
0.69447696,0.06765565,0.72579213
0.69524725,0.06761488,0.72589287
0.69598556,0.06757148,0.72598898
0.69669328,0.06752535,0.72608067
0.69737177,0.06747641,0.72616809
0.69802233,0.06742458,0.72625141
0.69864619,0.06736974,0.72633081
0.69924456,0.06731179,0.72640642
0.69981858,0.06725063,0.72647839
0.70036933,0.06718614,0.72654687
0.70089788,0.06711819,0.72661197
0.70140523,0.06704665,0.72667383
0.70189235,0.06697139,0.72673257
0.70236018,0.06689227,0.72678829
0.70280961,0.06680912,0.72684110
0.70324149,0.06672180,0.72689110
0.70365665,0.06663014,0.72693840
0.70405589,0.06653395,0.72698307
0.70443997,0.06643307,0.72702520
0.70480961,0.06632729,0.72706488
0.70516554,0.06621641,0.72710218
0.70550842,0.06610022,0.72713718
0.70583892,0.06597850,0.72716993
0.70615766,0.06585102,0.72720050
0.70646525,0.06571753,0.72722895
0.70676228,0.06557777,0.72725534
0.70704932,0.06543149,0.72727971
0.70732692,0.06527840,0.72730211
0.70759561,0.06511820,0.72732259
0.70785590,0.06495060,0.72734118
0.70810828,0.06477527,0.72735791
0.70835325,0.06459188,0.72737283
0.70859126,0.06440008,0.72738596
0.70882278,0.06419949,0.72739732
0.70904824,0.06398974,0.72740693
0.70926808,0.06377043,0.72741482
0.70948271,0.06354114,0.72742100
0.70969255,0.06330142,0.72742548
0.70989800,0.06305083,0.72742827
0.71009945,0.06278888,0.72742938
0.71029728,0.06251507,0.72742880
0.71049188,0.06222888,0.72742654
0.71068361,0.06192976,0.72742258
0.71087284,0.06161714,0.72741694
0.71105993,0.06129042,0.72740958
0.71124525,0.06094899,0.72740051
0.71142914,0.06059217,0.72738970
0.71161195,0.06021931,0.72737712
0.71179404,0.05982967,0.72736277
0.71197575,0.05942253,0.72734660
0.71215743,0.05899709,0.72732860
0.71233942,0.05855255,0.72730871
0.71252208,0.05808806,0.72728692
0.71270576,0.05760273,0.72726317
0.71289080,0.05709563,0.72723742
0.71307755,0.05656580,0.72720962
0.71326639,0.05601221,0.72717971
0.71345765,0.05543382,0.72714765
0.71365172,0.05482952,0.72711336
0.71384897,0.05419816,0.72707679
0.71404976,0.05353852,0.72703786
0.71425448,0.05284935,0.72699650
0.71446352,0.05212933,0.72695263
0.71467729,0.05137708,0.72690616
0.71489619,0.05059117,0.72685702
0.71512064,0.04977010,0.72680509
0.71535107,0.04891230,0.72675029
0.71558792,0.04801612,0.72669251
0.71583164,0.04707986,0.72663164
0.71608270,0.04610173,0.72656756
0.71634157,0.04507985,0.72650016
0.71660875,0.04401228,0.72642929
0.71688476,0.04289698,0.72635483
0.71717012,0.04173181,0.72627663
0.71746537,0.04051455,0.72619455
0.71777107,0.03924288,0.72610843
0.71808783,0.03791435,0.72601809
0.71841622,0.03652644,0.72592338
0.71875690,0.03507650,0.72582411
0.71911050,0.03356175,0.72572009
0.71947770,0.03197929,0.72561112
0.71985921,0.03032611,0.72549699
0.72025575,0.02859905,0.72537749
0.72066808,0.02679480,0.72525238
0.72109698,0.02490992,0.72512143
0.72154329,0.02294081,0.72498439
0.72200784,0.02088371,0.72484100
0.72249153,0.01873468,0.72469097
0.72299529,0.01648962,0.72453403
0.72352006,0.01414423,0.72436987
0.72406687,0.01169405,0.72419819
0.72463675,0.00913438,0.72401865
0.72523079,0.00646034,0.72383091
0.72585012,0.00366682,0.72363461
0.72649593,0.00074847,0.72342938
0.72724217,-0.00262256,0.72319239
0.72786812,-0.00543562,0.72299503
0.72847048,-0.00812950,0.72280644
0.72905039,-0.01070924,0.72262625
0.72960894,-0.01317969,0.72245413
0.73014717,-0.01554546,0.72228976
0.73066609,-0.01781099,0.72213284
0.73116667,-0.01998053,0.72198306
0.73164985,-0.02205813,0.72184015
0.73211653,-0.02404770,0.72170383
0.73256759,-0.02595295,0.72157386
0.73300388,-0.02777747,0.72144999
0.73342621,-0.02952466,0.72133199
0.73383538,-0.03119780,0.72121963
0.73423214,-0.03280002,0.72111271
0.73461724,-0.03433433,0.72101103
0.73499141,-0.03580360,0.72091439
0.73535535,-0.03721058,0.72082261
0.73570973,-0.03855791,0.72073553
0.73605522,-0.03984811,0.72065297
0.73639247,-0.04108360,0.72057479
0.73672211,-0.04226670,0.72050084
0.73704476,-0.04339962,0.72043098
0.73736102,-0.04448448,0.72036508
0.73767148,-0.04552332,0.72030301
0.73797673,-0.04651808,0.72024466
0.73827734,-0.04747062,0.72018992
0.73857387,-0.04838273,0.72013869
0.73886688,-0.04925613,0.72009087
0.73915691,-0.05009244,0.72004637
0.73944451,-0.05089323,0.72000511
0.73973022,-0.05166000,0.71996701
0.74001458,-0.05239419,0.71993200
0.74029810,-0.05309717,0.71990001
0.74058134,-0.05377027,0.71987099
0.74086481,-0.05441474,0.71984487
0.74114905,-0.05503179,0.71982162
0.74143459,-0.05562257,0.71980118
0.74172197,-0.05618820,0.71978352
0.74201173,-0.05672972,0.71976861
0.74230440,-0.05724817,0.71975642
0.74260053,-0.05774450,0.71974692
0.74290069,-0.05821965,0.71974010
0.74320543,-0.05867451,0.71973594
0.74351532,-0.05910992,0.71973444
0.74383095,-0.05952672,0.71973559
0.74415290,-0.05992566,0.71973940
0.74448178,-0.06030752,0.71974587
0.74481821,-0.06067299,0.71975501
0.74516281,-0.06102277,0.71976685
0.74551623,-0.06135750,0.71978141
0.74587914,-0.06167782,0.71979870
0.74625220,-0.06198433,0.71981877
0.74663613,-0.06227760,0.71984165
0.74703164,-0.06255818,0.71986738
0.74743947,-0.06282660,0.71989602
0.74786039,-0.06308335,0.71992762
0.74829518,-0.06332892,0.71996223
0.74874466,-0.06356377,0.71999992
0.74920968,-0.06378835,0.72004076
0.74969109,-0.06400306,0.72008483
0.75018981,-0.06420832,0.72013221
0.75070677,-0.06440450,0.72018298
0.75124293,-0.06459198,0.72023726
0.75179931,-0.06477110,0.72029512
0.75237694,-0.06494220,0.72035670
0.75297690,-0.06510561,0.72042209
0.75360033,-0.06526163,0.72049142
0.75424838,-0.06541054,0.72056483
0.75492228,-0.06555264,0.72064244
0.75562327,-0.06568818,0.72072441
0.75635269,-0.06581742,0.72081089
0.75711189,-0.06594060,0.72090204
0.75790230,-0.06605795,0.72099802
0.75872540,-0.06616970,0.72109903
0.75958272,-0.06627605,0.72120526
0.76047588,-0.06637720,0.72131689
0.76140655,-0.06647334,0.72143413
0.76237647,-0.06656465,0.72155722
0.76338747,-0.06665130,0.72168637
0.76444142,-0.06673346,0.72182184
0.76554031,-0.06681127,0.72196387
0.76668620,-0.06688489,0.72211273
0.76788124,-0.06695445,0.72226870
0.76912765,-0.06702008,0.72243207
0.77042778,-0.06708191,0.72260315
0.77178407,-0.06714005,0.72278225
0.77319905,-0.06719460,0.72296972
0.77467537,-0.06724568,0.72316591
0.77751266,-0.06733081,0.72354404
0.77897774,-0.06737111,0.72373913
0.78038064,-0.06740735,0.72392572
0.78172405,-0.06743961,0.72410417
0.78301052,-0.06746794,0.72427482
0.78424253,-0.06749241,0.72443798
0.78542242,-0.06751305,0.72459398
0.78655245,-0.06752992,0.72474312
0.78763477,-0.06754303,0.72488567
0.78867147,-0.06755241,0.72502191
0.78966451,-0.06755809,0.72515211
0.79061581,-0.06756008,0.72527650
0.79152716,-0.06755837,0.72539533
0.79240033,-0.06755296,0.72550883
0.79323697,-0.06754385,0.72561720
0.79403869,-0.06753101,0.72572067
0.79480701,-0.06751443,0.72581942
0.79554341,-0.06749406,0.72591364
0.79624930,-0.06746988,0.72600353
0.79692602,-0.06744183,0.72608923
0.79757486,-0.06740987,0.72617093
0.79819707,-0.06737392,0.72624878
0.79879384,-0.06733393,0.72632292
0.79936630,-0.06728981,0.72639350
0.79991556,-0.06724148,0.72646065
0.80044266,-0.06718885,0.72652450
0.80094860,-0.06713182,0.72658518
0.80143436,-0.06707028,0.72664279
0.80190086,-0.06700410,0.72669746
0.80234900,-0.06693318,0.72674927
0.80277963,-0.06685736,0.72679834
0.80319357,-0.06677651,0.72684476
0.80359162,-0.06669046,0.72688861
0.80397454,-0.06659906,0.72692997
0.80434306,-0.06650214,0.72696894
0.80469787,-0.06639949,0.72700558
0.80503968,-0.06629094,0.72703996
0.80536911,-0.06617627,0.72707215
0.80568681,-0.06605526,0.72710220
0.80599338,-0.06592768,0.72713019
0.80628941,-0.06579329,0.72715615
0.80657546,-0.06565183,0.72718015
0.80685208,-0.06550303,0.72720222
0.80711980,-0.06534660,0.72722241
0.80737913,-0.06518226,0.72724075
0.80763057,-0.06500967,0.72725729
0.80787459,-0.06482852,0.72727205
0.80811167,-0.06463845,0.72728507
0.80834225,-0.06443911,0.72729635
0.80856678,-0.06423011,0.72730594
0.80878569,-0.06401105,0.72731384
0.80899939,-0.06378151,0.72732008
0.80920829,-0.06354107,0.72732466
0.80941280,-0.06328924,0.72732759
0.80961330,-0.06302556,0.72732888
0.80981017,-0.06274952,0.72732852
0.81000380,-0.06246060,0.72732653
0.81019455,-0.06215823,0.72732289
0.81038279,-0.06184185,0.72731761
0.81056888,-0.06151085,0.72731066
0.81075316,-0.06116459,0.72730203
0.81093601,-0.06080241,0.72729172
0.81111776,-0.06042363,0.72727969
0.81129876,-0.06002751,0.72726593
0.81147935,-0.05961330,0.72725041
0.81165989,-0.05918021,0.72723310
0.81184072,-0.05872741,0.72721397
0.81202219,-0.05825404,0.72719298
0.81220463,-0.05775919,0.72717009
0.81238840,-0.05724191,0.72714525
0.81257385,-0.05670122,0.72711843
0.81276134,-0.05613608,0.72708956
0.81295122,-0.05554541,0.72705859
0.81314386,-0.05492808,0.72702547
0.81333963,-0.05428292,0.72699013
0.81353889,-0.05360869,0.72695250
0.81374203,-0.05290410,0.72691252
0.81394944,-0.05216780,0.72687009
0.81416151,-0.05139840,0.72682515
0.81437865,-0.05059441,0.72677761
0.81460128,-0.04975429,0.72672737
0.81482982,-0.04887646,0.72667435
0.81506470,-0.04795922,0.72661843
0.81530638,-0.04700082,0.72655952
0.81555532,-0.04599944,0.72649749
0.81581199,-0.04495315,0.72643224
0.81607689,-0.04385996,0.72636363
0.81635051,-0.04271778,0.72629154
0.81663339,-0.04152442,0.72621583
0.81692607,-0.04027761,0.72613635
0.81722910,-0.03897496,0.72605294
0.81754306,-0.03761398,0.72596547
0.81786855,-0.03619207,0.72587374
0.81820620,-0.03470652,0.72577759
0.81855665,-0.03315447,0.72567684
0.81892057,-0.03153297,0.72557130
0.81929866,-0.02983892,0.72546075
0.81969163,-0.02806908,0.72534499
0.82010024,-0.02622007,0.72522380
0.82052528,-0.02428834,0.72509695
0.82096754,-0.02227022,0.72496419
0.82142789,-0.02016184,0.72482527
0.82190719,-0.01795918,0.72467993
0.82240637,-0.01565801,0.72452788
0.82292638,-0.01325395,0.72436884
0.82346821,-0.01074240,0.72420250
0.82403289,-0.00811856,0.72402855
0.82462152,-0.00537742,0.72384665
0.82523520,-0.00251372,0.72365645
0.82587513,0.00047799,0.72345760
0.82660185,0.00387419,0.72323193
0.82722160,0.00675541,0.72304085
0.82781800,0.00951438,0.72285823
0.82839217,0.01215627,0.72268376
0.82894518,0.01468603,0.72251708
0.82947807,0.01710838,0.72235790
0.82999184,0.01942788,0.72220591
0.83048746,0.02164886,0.72206083
0.83096584,0.02377548,0.72192239
0.83142788,0.02581172,0.72179033
0.83187445,0.02776140,0.72166440
0.83230639,0.02962817,0.72154437
0.83272450,0.03141552,0.72143001
0.83312958,0.03312680,0.72132110
0.83352236,0.03476522,0.72121745
0.83390360,0.03633384,0.72111886
0.83427400,0.03783560,0.72102514
0.83463427,0.03927332,0.72093612
0.83498506,0.04064968,0.72085163
0.83532705,0.04196726,0.72077151
0.83566087,0.04322854,0.72069562
0.83598714,0.04443586,0.72062381
0.83630648,0.04559150,0.72055595
0.83661949,0.04669762,0.72049191
0.83692675,0.04775629,0.72043157
0.83722883,0.04876949,0.72037481
0.83752631,0.04973911,0.72032154
0.83781974,0.05066698,0.72027165
0.83810966,0.05155483,0.72022504
0.83839663,0.05240433,0.72018164
0.83868118,0.05321706,0.72014135
0.83896384,0.05399455,0.72010411
0.83924514,0.05473826,0.72006984
0.83952561,0.05544957,0.72003848
0.83980577,0.05612981,0.72000998
0.84008615,0.05678027,0.71998427
0.84036727,0.05740216,0.71996131
0.84064967,0.05799665,0.71994106
0.84093386,0.05856484,0.71992347
0.84122038,0.05910780,0.71990852
0.84150977,0.05962655,0.71989618
0.84180257,0.06012207,0.71988643
0.84209933,0.06059527,0.71987924
0.84240060,0.06104704,0.71987460
0.84270694,0.06147824,0.71987251
0.84301894,0.06188966,0.71987295
0.84333718,0.06228208,0.71987594
0.84366224,0.06265623,0.71988148
0.84399474,0.06301282,0.71988957
0.84433531,0.06335251,0.71990023
0.84468458,0.06367593,0.71991349
0.84504320,0.06398370,0.71992936
0.84541185,0.06427639,0.71994788
0.84579121,0.06455454,0.71996908
0.84618200,0.06481869,0.71999301
0.84658495,0.06506932,0.72001969
0.84700081,0.06530690,0.72004920
0.84743037,0.06553187,0.72008157
0.84787442,0.06574467,0.72011688
0.84833380,0.06594568,0.72015519
0.84880937,0.06613529,0.72019656
0.84930201,0.06631384,0.72024108
0.84981266,0.06648168,0.72028883
0.85034226,0.06663912,0.72033991
0.85089182,0.06678644,0.72039439
0.85146235,0.06692394,0.72045240
0.85205493,0.06705186,0.72051403
0.85267066,0.06717045,0.72057940
0.85331071,0.06727992,0.72064864
0.85397626,0.06738049,0.72072187
0.85466857,0.06747233,0.72079923
0.85538893,0.06755563,0.72088087
0.85613868,0.06763054,0.72096694
0.85691925,0.06769720,0.72105759
0.85773207,0.06775572,0.72115301
0.85857869,0.06780624,0.72125336
0.85946068,0.06784883,0.72135884
0.86037969,0.06788358,0.72146964
0.86133745,0.06791055,0.72158598
0.86233575,0.06792979,0.72170806
0.86337646,0.06794134,0.72183612
0.86446152,0.06794522,0.72197040
0.86559298,0.06794145,0.72211114
0.86677294,0.06793000,0.72225862
0.86800362,0.06791086,0.72241311
0.86928733,0.06788400,0.72257490
0.87062646,0.06784935,0.72274428
0.87202352,0.06780687,0.72292159
0.87348114,0.06775647,0.72310714
0.87644487,0.06763915,0.72348561
0.87789760,0.06757792,0.72367100
0.87928869,0.06751711,0.72384831
0.88062078,0.06745661,0.72401790
0.88189643,0.06739630,0.72418007
0.88311807,0.06733606,0.72433515
0.88428804,0.06727579,0.72448343
0.88540857,0.06721536,0.72462519
0.88648179,0.06715466,0.72476070
0.88750977,0.06709357,0.72489022
0.88849446,0.06703199,0.72501400
0.88943774,0.06696978,0.72513228
0.89034141,0.06690683,0.72524527
0.89120720,0.06684302,0.72535320
0.89203677,0.06677823,0.72545628
0.89283170,0.06671234,0.72555470
0.89359350,0.06664522,0.72564864
0.89432363,0.06657674,0.72573829
0.89502348,0.06650676,0.72582382
0.89569440,0.06643517,0.72590538
0.89633767,0.06636181,0.72598315
0.89695450,0.06628656,0.72605726
0.89754608,0.06620926,0.72612786
0.89811354,0.06612977,0.72619508
0.89865797,0.06604794,0.72625906
0.89918040,0.06596360,0.72631990
0.89968183,0.06587661,0.72637774
0.90016321,0.06578679,0.72643267
0.90062548,0.06569397,0.72648481
0.90106950,0.06559798,0.72653425
0.90149614,0.06549862,0.72658109
0.90190619,0.06539572,0.72662542
0.90230045,0.06528907,0.72666732
0.90267968,0.06517848,0.72670687
0.90304458,0.06506372,0.72674415
0.90339587,0.06494459,0.72677923
0.90373421,0.06482085,0.72681217
0.90406024,0.06469226,0.72684305
0.90437459,0.06455859,0.72687191
0.90467787,0.06441957,0.72689881
0.90497064,0.06427494,0.72692381
0.90525348,0.06412443,0.72694696
0.90552691,0.06396775,0.72696829
0.90579146,0.06380459,0.72698784
0.90604764,0.06363465,0.72700566
0.90629594,0.06345760,0.72702178
0.90653682,0.06327310,0.72703623
0.90677076,0.06308081,0.72704903
0.90699819,0.06288035,0.72706022
0.90721955,0.06267134,0.72706981
0.90743527,0.06245338,0.72707782
0.90764575,0.06222606,0.72708427
0.90785140,0.06198893,0.72708916
0.90805261,0.06174156,0.72709252
0.90824976,0.06148347,0.72709434
0.90844324,0.06121415,0.72709462
0.90863340,0.06093311,0.72709338
0.90882062,0.06063980,0.72709060
0.90900526,0.06033366,0.72708628
0.90918765,0.06001411,0.72708041
0.90936816,0.05968053,0.72707299
0.90954712,0.05933230,0.72706399
0.90972489,0.05896874,0.72705340
0.90990179,0.05858916,0.72704120
0.91007817,0.05819283,0.72702737
0.91025436,0.05777901,0.72701188
0.91043070,0.05734689,0.72699470
0.91060753,0.05689566,0.72697580
0.91078518,0.05642445,0.72695513
0.91096399,0.05593236,0.72693267
0.91114431,0.05541845,0.72690837
0.91132648,0.05488175,0.72688219
0.91151084,0.05432122,0.72685406
0.91169776,0.05373579,0.72682394
0.91188758,0.05312435,0.72679178
0.91208067,0.05248573,0.72675751
0.91227740,0.05181871,0.72672106
0.91247814,0.05112201,0.72668236
0.91268327,0.05039431,0.72664135
0.91289320,0.04963422,0.72659794
0.91310831,0.04884028,0.72655205
0.91332902,0.04801097,0.72650359
0.91355576,0.04714472,0.72645247
0.91378895,0.04623987,0.72639859
0.91402904,0.04529469,0.72634185
0.91427649,0.04430738,0.72628215
0.91453176,0.04327605,0.72621936
0.91479536,0.04219873,0.72615336
0.91506778,0.04107336,0.72608404
0.91534954,0.03989779,0.72601126
0.91564118,0.03866979,0.72593487
0.91594326,0.03738700,0.72585474
0.91625636,0.03604697,0.72577071
0.91658106,0.03464715,0.72568262
0.91691800,0.03318486,0.72559030
0.91726781,0.03165731,0.72549358
0.91763117,0.03006158,0.72539227
0.91800876,0.02839463,0.72528618
0.91840132,0.02665326,0.72517510
0.91880958,0.02483417,0.72505882
0.91923433,0.02293386,0.72493712
0.91967638,0.02094871,0.72480977
0.92013657,0.01887493,0.72467653
0.92061579,0.01670857,0.72453714
0.92111494,0.01444548,0.72439133
0.92163498,0.01208133,0.72423882
0.92217691,0.00961163,0.72407933
0.92274176,0.00703164,0.72391255
0.92333060,0.00433644,0.72373817
0.92394457,0.00152089,0.72355584
0.92473047,-0.00208330,0.72332247
0.92532842,-0.00481137,0.72314619
0.92590382,-0.00742411,0.72297772
0.92645778,-0.00992640,0.72281673
0.92699132,-0.01232293,0.72266292
0.92750544,-0.01461821,0.72251602
0.92800111,-0.01681652,0.72237573
0.92847925,-0.01892201,0.72224181
0.92894077,-0.02093860,0.72211399
0.92938653,-0.02287008,0.72199204
0.92981736,-0.02472007,0.72187572
0.93023407,-0.02649204,0.72176483
0.93063745,-0.02818931,0.72165916
0.93102824,-0.02981506,0.72155849
0.93140718,-0.03137234,0.72146266
0.93177499,-0.03286407,0.72137147
0.93213235,-0.03429304,0.72128475
0.93247992,-0.03566194,0.72120235
0.93281837,-0.03697333,0.72112411
0.93314833,-0.03822966,0.72104988
0.93347041,-0.03943330,0.72097953
0.93378522,-0.04058650,0.72091291
0.93409335,-0.04169141,0.72084992
0.93439538,-0.04275012,0.72079042
0.93469187,-0.04376461,0.72073430
0.93498338,-0.04473677,0.72068147
0.93527045,-0.04566844,0.72063182
0.93555363,-0.04656135,0.72058526
0.93583344,-0.04741718,0.72054170
0.93611042,-0.04823754,0.72050107
0.93638506,-0.04902396,0.72046327
0.93665791,-0.04977792,0.72042826
0.93692945,-0.05050083,0.72039594
0.93720021,-0.05119404,0.72036628
0.93747069,-0.05185886,0.72033921
0.93774140,-0.05249653,0.72031467
0.93801284,-0.05310825,0.72029264
0.93828553,-0.05369516,0.72027305
0.93855997,-0.05425836,0.72025589
0.93883668,-0.05479892,0.72024111
0.93911618,-0.05531783,0.72022868
0.93939899,-0.05581608,0.72021859
0.93968565,-0.05629461,0.72021081
0.93997668,-0.05675429,0.72020534
0.94027264,-0.05719601,0.72020215
0.94057408,-0.05762058,0.72020125
0.94088157,-0.05802880,0.72020263
0.94119568,-0.05842144,0.72020629
0.94151699,-0.05879923,0.72021225
0.94184613,-0.05916289,0.72022051
0.94218369,-0.05951309,0.72023109
0.94253031,-0.05985048,0.72024400
0.94288664,-0.06017571,0.72025928
0.94325336,-0.06048938,0.72027695
0.94363114,-0.06079208,0.72029705
0.94402070,-0.06108438,0.72031960
0.94442277,-0.06136682,0.72034466
0.94483809,-0.06163994,0.72037227
0.94526745,-0.06190424,0.72040249
0.94571166,-0.06216023,0.72043536
0.94617154,-0.06240837,0.72047095
0.94664796,-0.06264914,0.72050934
0.94714181,-0.06288300,0.72055058
0.94765402,-0.06311036,0.72059476
0.94818555,-0.06333167,0.72064196
0.94873738,-0.06354734,0.72069226
0.94931057,-0.06375777,0.72074577
0.94990618,-0.06396336,0.72080259
0.95052532,-0.06416449,0.72086281
0.95116917,-0.06436153,0.72092656
0.95183892,-0.06455487,0.72099394
0.95253583,-0.06474485,0.72106510
0.95326122,-0.06493184,0.72114015
0.95401642,-0.06511619,0.72121925
0.95480288,-0.06529825,0.72130254
0.95562205,-0.06547834,0.72139018
0.95647547,-0.06565682,0.72148233
0.95736475,-0.06583401,0.72157916
0.95829155,-0.06601025,0.72168086
0.95925760,-0.06618588,0.72178761
0.96026472,-0.06636120,0.72189962
0.96131480,-0.06653657,0.72201709
0.96240980,-0.06671230,0.72214025
0.96355179,-0.06688872,0.72226933
0.96474288,-0.06706618,0.72240456
0.96598533,-0.06724498,0.72254621
0.96728146,-0.06742549,0.72269454
0.96863370,-0.06760802,0.72284982
0.97004458,-0.06779293,0.72301235
0.97290560,-0.06815418,0.72334302
0.97431132,-0.06832772,0.72350540
0.97565726,-0.06849138,0.72366071
0.97694600,-0.06864550,0.72380926
0.97818001,-0.06879037,0.72395133
0.97936165,-0.06892626,0.72408719
0.98049318,-0.06905344,0.72421710
0.98157677,-0.06917214,0.72434131
0.98261448,-0.06928260,0.72446006
0.98360832,-0.06938502,0.72457357
0.98456017,-0.06947960,0.72468206
0.98547187,-0.06956653,0.72478574
0.98634515,-0.06964597,0.72488481
0.98718169,-0.06971807,0.72497945
0.98798309,-0.06978297,0.72506985
0.98875089,-0.06984079,0.72515619
0.98948654,-0.06989165,0.72523862
0.99019147,-0.06993563,0.72531731
0.99086703,-0.06997284,0.72539240
0.99151449,-0.07000333,0.72546404
0.99213511,-0.07002717,0.72553236
0.99273007,-0.07004440,0.72559751
0.99330051,-0.07005505,0.72565959
0.99384752,-0.07005915,0.72571873
0.99437216,-0.07005670,0.72577505
0.99487541,-0.07004770,0.72582865
0.99535826,-0.07003213,0.72587963
0.99582161,-0.07000996,0.72592810
0.99626637,-0.06998114,0.72597414
0.99669337,-0.06994564,0.72601784
0.99710344,-0.06990336,0.72605928
0.99749736,-0.06985424,0.72609856
0.99787589,-0.06979818,0.72613573
0.99823975,-0.06973508,0.72617088
0.99858963,-0.06966480,0.72620406
0.99892622,-0.06958723,0.72623535
0.99925014,-0.06950220,0.72626479
0.99956202,-0.06940956,0.72629246
0.99986247,-0.06930913,0.72631840
1.00015204,-0.06920071,0.72634266
1.00043131,-0.06908411,0.72636529
1.00070079,-0.06895909,0.72638633
1.00096101,-0.06882541,0.72640582
1.00121247,-0.06868283,0.72642380
1.00145565,-0.06853107,0.72644030
1.00169101,-0.06836983,0.72645536
1.00191900,-0.06819882,0.72646900
1.00214007,-0.06801769,0.72648125
1.00235462,-0.06782611,0.72649214
1.00256308,-0.06762371,0.72650167
1.00276585,-0.06741009,0.72650988
1.00296330,-0.06718486,0.72651678
1.00315582,-0.06694758,0.72652238
1.00334378,-0.06669780,0.72652669
1.00352754,-0.06643503,0.72652972
1.00370744,-0.06615878,0.72653148
1.00388384,-0.06586852,0.72653196
1.00405707,-0.06556369,0.72653118
1.00422747,-0.06524370,0.72652912
1.00439535,-0.06490795,0.72652579
1.00456104,-0.06455579,0.72652118
1.00472486,-0.06418655,0.72651528
1.00488712,-0.06379952,0.72650808
1.00504813,-0.06339396,0.72649956
1.00520820,-0.06296910,0.72648970
1.00536763,-0.06252411,0.72647850
1.00552674,-0.06205816,0.72646593
1.00568582,-0.06157034,0.72645196
1.00584519,-0.06105973,0.72643656
1.00600513,-0.06052534,0.72641972
1.00616597,-0.05996615,0.72640138
1.00632801,-0.05938110,0.72638153
1.00649156,-0.05876906,0.72636013
1.00665693,-0.05812886,0.72633712
1.00682444,-0.05745928,0.72631247
1.00699442,-0.05675903,0.72628613
1.00716717,-0.05602677,0.72625805
1.00734304,-0.05526111,0.72622817
1.00752237,-0.05446057,0.72619645
1.00770549,-0.05362363,0.72616281
1.00789275,-0.05274867,0.72612719
1.00808452,-0.05183404,0.72608954
1.00828117,-0.05087797,0.72604976
1.00848306,-0.04987864,0.72600779
1.00869058,-0.04883413,0.72596355
1.00890414,-0.04774244,0.72591695
1.00912414,-0.04660149,0.72586790
1.00935100,-0.04540909,0.72581631
1.00958515,-0.04416296,0.72576209
1.00982706,-0.04286071,0.72570512
1.01007716,-0.04149984,0.72564529
1.01033596,-0.04007777,0.72558250
1.01060393,-0.03859175,0.72551662
1.01088160,-0.03703896,0.72544753
1.01116950,-0.03541641,0.72537510
1.01146817,-0.03372099,0.72529917
1.01177819,-0.03194948,0.72521962
1.01210016,-0.03009846,0.72513629
1.01243468,-0.02816441,0.72504902
1.01278240,-0.02614362,0.72495763
1.01314399,-0.02403221,0.72486197
1.01352013,-0.02182615,0.72476184
1.01391155,-0.01952122,0.72465704
1.01431900,-0.01711300,0.72454740
1.01474325,-0.01459689,0.72443268
1.01518512,-0.01196806,0.72431267
1.01564545,-0.00922149,0.72418715
1.01612512,-0.00635191,0.72405586
1.01662507,-0.00335385,0.72391857
1.01714623,-0.00022154,0.72377501
1.01803247,0.00511118,0.72353047
1.01854807,0.00819719,0.72338914
1.01904409,0.01115177,0.72325400
1.01952146,0.01398046,0.72312481
1.01998107,0.01668854,0.72300131
1.02042380,0.01928108,0.72288328
1.02085045,0.02176293,0.72277049
1.02126183,0.02413871,0.72266274
1.02165871,0.02641289,0.72255983
1.02204184,0.02858971,0.72246155
1.02241192,0.03067324,0.72236773
1.02276965,0.03266738,0.72227820
1.02311570,0.03457586,0.72219278
1.02345072,0.03640224,0.72211132
1.02377533,0.03814995,0.72203365
1.02409014,0.03982224,0.72195965
1.02439574,0.04142225,0.72188916
1.02469270,0.04295298,0.72182207
1.02498157,0.04441727,0.72175823
1.02526290,0.04581787,0.72169754
1.02553721,0.04715740,0.72163987
1.02580501,0.04843837,0.72158513
1.02606681,0.04966316,0.72153320
1.02632309,0.05083407,0.72148400
1.02657434,0.05195330,0.72143743
1.02682102,0.05302292,0.72139339
1.02706360,0.05404495,0.72135182
1.02730253,0.05502129,0.72131263
1.02753825,0.05595377,0.72127575
1.02777121,0.05684413,0.72124112
1.02800184,0.05769405,0.72120865
1.02823057,0.05850509,0.72117830
1.02845783,0.05927880,0.72115001
1.02868405,0.06001660,0.72112373
1.02890965,0.06071989,0.72109940
1.02913505,0.06138997,0.72107698
1.02936068,0.06202810,0.72105642
1.02958694,0.06263547,0.72103770
1.02981428,0.06321322,0.72102078
1.03004310,0.06376242,0.72100561
1.03027385,0.06428412,0.72099219
1.03050695,0.06477927,0.72098047
1.03074284,0.06524881,0.72097044
1.03098195,0.06569362,0.72096208
1.03122475,0.06611452,0.72095537
1.03147167,0.06651230,0.72095031
1.03172318,0.06688772,0.72094687
1.03197976,0.06724146,0.72094506
1.03224188,0.06757419,0.72094487
1.03251003,0.06788654,0.72094631
1.03278471,0.06817909,0.72094937
1.03306644,0.06845238,0.72095406
1.03335575,0.06870692,0.72096038
1.03365317,0.06894320,0.72096836
1.03395926,0.06916165,0.72097800
1.03427460,0.06936268,0.72098933
1.03459976,0.06954667,0.72100236
1.03493538,0.06971396,0.72101712
1.03528205,0.06986487,0.72103363
1.03564045,0.06999967,0.72105194
1.03601124,0.07011862,0.72107206
1.03639510,0.07022195,0.72109405
1.03679277,0.07030984,0.72111793
1.03720497,0.07038246,0.72114376
1.03763249,0.07043994,0.72117159
1.03807612,0.07048239,0.72120146
1.03853670,0.07050990,0.72123343
1.03901508,0.07052251,0.72126756
1.03951215,0.07052025,0.72130391
1.04002886,0.07050310,0.72134256
1.04056615,0.07047105,0.72138358
1.04112505,0.07042403,0.72142703
1.04170659,0.07036196,0.72147301
1.04231186,0.07028471,0.72152160
1.04294199,0.07019214,0.72157289
1.04359817,0.07008408,0.72162697
1.04428162,0.06996032,0.72168395
1.04499361,0.06982065,0.72174393
1.04573547,0.06966478,0.72180703
1.04650861,0.06949244,0.72187337
1.04731445,0.06930330,0.72194306
1.04815452,0.06909701,0.72201624
1.04903037,0.06887318,0.72209304
1.04994365,0.06863139,0.72217362
1.05089606,0.06837119,0.72225811
1.05188939,0.06809209,0.72234668
1.05292549,0.06779358,0.72243949
1.05400631,0.06747509,0.72253672
1.05513385,0.06713603,0.72263854
1.05631024,0.06677576,0.72274516
1.05753766,0.06639361,0.72285676
1.05948661,0.06577737,0.72303446
1.06068868,0.06539518,0.72314403
1.06183949,0.06502784,0.72324888
1.06294122,0.06467464,0.72334920
1.06399597,0.06433490,0.72344520
1.06500576,0.06400798,0.72353704
1.06597251,0.06369326,0.72362492
1.06689806,0.06339013,0.72370898
1.06778418,0.06309802,0.72378940
1.06863255,0.06281638,0.72386633
1.06944479,0.06254466,0.72393992
1.07022246,0.06228234,0.72401030
1.07096702,0.06202893,0.72407761
1.07167990,0.06178395,0.72414197
1.07236247,0.06154693,0.72420352
1.07301601,0.06131741,0.72426236
1.07364178,0.06109496,0.72431861
1.07424097,0.06087915,0.72437238
1.07481472,0.06066957,0.72442377
1.07536413,0.06046583,0.72447287
1.07589024,0.06026753,0.72451978
1.07639405,0.06007430,0.72456460
1.07687652,0.05988577,0.72460740
1.07733858,0.05970158,0.72464826
1.07778110,0.05952138,0.72468727
1.07820493,0.05934482,0.72472450
1.07861088,0.05917157,0.72476002
1.07899971,0.05900130,0.72479390
1.07937218,0.05883368,0.72482620
1.07972899,0.05866840,0.72485699
1.08007081,0.05850514,0.72488631
1.08039831,0.05834358,0.72491424
1.08071211,0.05818342,0.72494082
1.08101280,0.05802436,0.72496609
1.08130095,0.05786610,0.72499012
1.08157713,0.05770832,0.72501295
1.08184184,0.05755073,0.72503462
1.08209561,0.05739303,0.72505516
1.08233890,0.05723492,0.72507463
1.08257219,0.05707609,0.72509306
1.08279592,0.05691625,0.72511047
1.08301051,0.05675509,0.72512692
1.08321638,0.05659230,0.72514242
1.08341392,0.05642758,0.72515700
1.08360349,0.05626060,0.72517070
1.08378548,0.05609105,0.72518355
1.08396021,0.05591861,0.72519555
1.08412804,0.05574295,0.72520675
1.08428926,0.05556374,0.72521715
1.08444420,0.05538062,0.72522678
1.08459314,0.05519326,0.72523566
1.08473638,0.05500129,0.72524381
1.08487418,0.05480436,0.72525123
1.08500680,0.05460207,0.72525795
1.08513451,0.05439406,0.72526397
1.08525754,0.05417992,0.72526931
1.08537613,0.05395925,0.72527399
1.08549050,0.05373161,0.72527799
1.08560087,0.05349659,0.72528135
1.08570745,0.05325374,0.72528405
1.08581045,0.05300258,0.72528612
1.08591006,0.05274264,0.72528754
1.08600646,0.05247342,0.72528832
1.08609986,0.05219442,0.72528847
1.08619042,0.05190510,0.72528799
1.08627831,0.05160491,0.72528687
1.08636370,0.05129327,0.72528511
1.08644677,0.05096960,0.72528271
1.08652765,0.05063328,0.72527966
1.08660651,0.05028366,0.72527596
1.08668351,0.04992007,0.72527160
1.08675877,0.04954184,0.72526658
1.08683246,0.04914822,0.72526088
1.08690470,0.04873849,0.72525449
1.08697564,0.04831184,0.72524740
1.08704542,0.04786748,0.72523960
1.08711415,0.04740455,0.72523107
1.08718199,0.04692217,0.72522179
1.08724905,0.04641943,0.72521175
1.08731546,0.04589535,0.72520094
1.08738135,0.04534896,0.72518931
1.08744685,0.04477919,0.72517687
1.08751208,0.04418497,0.72516358
1.08757716,0.04356517,0.72514941
1.08764222,0.04291861,0.72513435
1.08770738,0.04224404,0.72511835
1.08777277,0.04154019,0.72510140
1.08783851,0.04080571,0.72508346
1.08790472,0.04003921,0.72506448
1.08797154,0.03923922,0.72504445
1.08803909,0.03840422,0.72502332
1.08810750,0.03753262,0.72500105
1.08817690,0.03662276,0.72497759
1.08824741,0.03567289,0.72495291
1.08831919,0.03468122,0.72492695
1.08839236,0.03364585,0.72489967
1.08846705,0.03256481,0.72487101
1.08854343,0.03143604,0.72484092
1.08862162,0.03025738,0.72480934
1.08870178,0.02902660,0.72477622
1.08878407,0.02774133,0.72474148
1.08886863,0.02639915,0.72470506
1.08895563,0.02499748,0.72466690
1.08904524,0.02353365,0.72462692
1.08913763,0.02200488,0.72458505
1.08923296,0.02040825,0.72454119
1.08933143,0.01874073,0.72449528
1.08943323,0.01699912,0.72444722
1.08953854,0.01518011,0.72439692
1.08964756,0.01328024,0.72434429
1.08976051,0.01129588,0.72428923
1.08987760,0.00922325,0.72423162
1.08999905,0.00705840,0.72417137
1.09012510,0.00479721,0.72410835
