0.00061757,-0.06887660,0.00001717
0.00123628,-0.06788071,0.00003438
0.00185728,-0.06701048,0.00005164
0.00248172,-0.06626431,0.00006901
0.00311075,-0.06564080,0.00008650
0.00374554,-0.06513881,0.00010415
0.00438727,-0.06475741,0.00012199
0.00503712,-0.06449588,0.00014006
0.00569629,-0.06435376,0.00015839
0.00636601,-0.06433076,0.00017701
0.00704751,-0.06442686,0.00019596
0.00774206,-0.06464223,0.00021527
0.00845094,-0.06497726,0.00023498
0.00917546,-0.06543258,0.00025513
0.00991698,-0.06600903,0.00027575
0.01067685,-0.06670768,0.00029687
0.01145648,-0.06752982,0.00031855
0.01225732,-0.06847697,0.00034082
0.01308086,-0.06955089,0.00036372
0.01392861,-0.07075356,0.00038729
0.01480214,-0.07208722,0.00041158
0.01570308,-0.07355432,0.00043663
0.01663309,-0.07515759,0.00046248
0.01759389,-0.07689999,0.00048920
0.01858726,-0.07878475,0.00051682
0.01961503,-0.08081536,0.00054539
0.02067912,-0.08299558,0.00057498
0.02178150,-0.08532944,0.00060563
0.02292419,-0.08782127,0.00063740
0.02410932,-0.09047567,0.00067035
0.02533909,-0.09329756,0.00070455
0.02661576,-0.09629217,0.00074004
0.02794170,-0.09946504,0.00077691
0.02931937,-0.10282203,0.00081522
0.03075132,-0.10636938,0.00085503
0.03224019,-0.11011364,0.00089643
0.03378875,-0.11406174,0.00093948
0.03539986,-0.11822100,0.00098428
0.03707650,-0.12259911,0.00103089
0.03882178,-0.12720418,0.00107942
0.04063893,-0.13204474,0.00112994
0.04253131,-0.13712973,0.00118256
0.04450242,-0.14246859,0.00123736
0.04655592,-0.14807119,0.00129446
0.04869560,-0.15394790,0.00135395
0.05092543,-0.16010960,0.00141595
0.05324953,-0.16656770,0.00148057
0.05567222,-0.17333416,0.00154793
0.05819796,-0.18042150,0.00161815
0.06083144,-0.18784283,0.00169138
0.06357753,-0.19561191,0.00176773
0.06644132,-0.20374311,0.00184735
0.06942811,-0.21225148,0.00193040
0.06884305,-0.20667228,0.00185148
0.06613049,-0.19503589,0.00171317
0.06354369,-0.18377037,0.00157812
0.06107773,-0.17285432,0.00144607
0.05872791,-0.16226697,0.00131677
0.05648977,-0.15198818,0.00118997
0.05435905,-0.14199842,0.00106544
0.05233170,-0.13227868,0.00094293
0.05040386,-0.12281049,0.00082221
0.04857187,-0.11357583,0.00070306
0.04683225,-0.10455715,0.00058525
0.04518168,-0.09573730,0.00046854
0.04361704,-0.08709950,0.00035273
0.04213533,-0.07862733,0.00023759
0.04073375,-0.07030468,0.00012290
0.03940963,-0.06211572,0.00000845
0.03816045,-0.05404488,-0.00010599
0.03698384,-0.04607681,-0.00022064
0.03587755,-0.03819637,-0.00033570
0.03483949,-0.03038856,-0.00045140
0.03386769,-0.02263853,-0.00056795
0.03296028,-0.01493156,-0.00068559
0.03211556,-0.00725298,-0.00080453
0.03133190,0.00041181,-0.00092500
0.03060783,0.00807738,-0.00104723
0.02994195,0.01575831,-0.00117146
0.02933302,0.02346921,-0.00129791
0.02877987,0.03122473,-0.00142682
0.02828144,0.03903964,-0.00155845
0.02783680,0.04692878,-0.00169305
0.02744509,0.05490716,-0.00183086
0.02710557,0.06298995,-0.00197216
0.02681760,0.07119253,-0.00211721
0.02658062,0.07953048,-0.00226628
0.02639418,0.08801968,-0.00241966
0.02625794,0.09667625,-0.00257764
0.02617163,0.10551666,-0.00274053
0.02613509,0.11455772,-0.00290863
0.02614825,0.12381663,-0.00308225
0.02621113,0.13331098,-0.00326174
0.02632386,0.14305885,-0.00344743
0.02648664,0.15307875,-0.00363968
0.02669979,0.16338975,-0.00383885
0.02696371,0.17401145,-0.00404532
0.02727891,0.18496406,-0.00425948
0.02764598,0.19626839,-0.00448174
0.02806562,0.20794595,-0.00471253
0.02853864,0.22001895,-0.00495227
0.02906592,0.23251033,-0.00520143
0.02964847,0.24544385,-0.00546049
0.03028741,0.25884412,-0.00572993
0.03098394,0.27273660,-0.00601026
0.03173938,0.28714772,-0.00630202
0.03255519,0.30210489,-0.00660577
0.03343290,0.31763654,-0.00692208
0.03437419,0.33377221,-0.00725155
0.03538084,0.35054259,-0.00759481
0.03645477,0.36797956,-0.00795252
0.03759803,0.38611628,-0.00832534
0.03881279,0.40498725,-0.00871400
0.04010135,0.42462834,-0.00911923
0.04146616,0.44507691,-0.00954180
0.04057331,0.43552345,-0.00931142
0.03908347,0.41681482,-0.00889240
0.03766761,0.39889506,-0.00849022
0.03632303,0.38173025,-0.00810411
0.03504720,0.36528791,-0.00773333
0.03383770,0.34953692,-0.00737719
0.03269224,0.33444747,-0.00703501
0.03160866,0.31999100,-0.00670615
0.03058490,0.30614015,-0.00638998
0.02961902,0.29286871,-0.00608590
0.02870920,0.28015156,-0.00579334
0.02785372,0.26796462,-0.00551175
0.02705095,0.25628484,-0.00524059
0.02629938,0.24509011,-0.00497934
0.02559759,0.23435924,-0.00472752
0.02494424,0.22407192,-0.00448465
0.02433810,0.21420869,-0.00425026
0.02377803,0.20475087,-0.00402392
0.02326295,0.19568057,-0.00380520
0.02279191,0.18698061,-0.00359367
0.02236400,0.17863454,-0.00338895
0.02197842,0.17062655,-0.00319064
0.02163443,0.16294149,-0.00299837
0.02133139,0.15556482,-0.00281178
0.02106872,0.14848258,-0.00263050
0.02084593,0.14168135,-0.00245421
0.02066259,0.13514828,-0.00228256
0.02051836,0.12887098,-0.00211523
0.02041296,0.12283760,-0.00195190
0.02034619,0.11703669,-0.00179227
0.02031794,0.11145729,-0.00163603
0.02032813,0.10608884,-0.00148289
0.02037680,0.10092117,-0.00133255
0.02046404,0.09594451,-0.00118474
0.02059000,0.09114944,-0.00103916
0.02075494,0.08652687,-0.00089556
0.02095915,0.08206807,-0.00075365
0.02120303,0.07776459,-0.00061316
0.02148705,0.07360829,-0.00047384
0.02181173,0.06959130,-0.00033541
0.02217769,0.06570603,-0.00019762
0.02258562,0.06194510,-0.00006020
0.02303630,0.05830142,0.00007711
0.02353058,0.05476808,0.00021456
0.02406939,0.05133839,0.00035241
0.02465376,0.04800587,0.00049094
0.02528479,0.04476421,0.00063039
0.02596367,0.04160726,0.00077104
0.02669169,0.03852907,0.00091314
0.02747023,0.03552379,0.00105698
0.02830076,0.03258575,0.00120281
0.02918485,0.02970938,0.00135092
0.03012418,0.02688923,0.00150159
0.03112052,0.02411998,0.00165510
0.03217576,0.02139638,0.00181174
0.03329189,0.01871327,0.00197181
0.03447104,0.01606559,0.00213561
0.03571542,0.01344830,0.00230346
0.03702741,0.01085647,0.00247566
0.03840947,0.00828519,0.00265255
0.03986422,0.00572959,0.00283446
0.04139442,0.00318483,0.00302173
0.04300297,0.00064610,0.00321472
0.04469290,-0.00189141,0.00341380
0.04646742,-0.00443250,0.00361934
0.04832989,-0.00698197,0.00383173
0.05028382,-0.00954467,0.00405137
0.05233293,-0.01212542,0.00427868
0.05448108,-0.01472912,0.00451408
0.05673234,-0.01736070,0.00475803
0.05909097,-0.02002514,0.00501099
0.06156144,-0.02272748,0.00527343
0.06414842,-0.02547283,0.00554584
0.06685682,-0.02826639,0.00582876
0.06969174,-0.03111345,0.00612271
0.07265857,-0.03401940,0.00642824
0.07576291,-0.03698973,0.00674594
0.07901064,-0.04003006,0.00707641
0.08240790,-0.04314616,0.00742027
0.08596114,-0.04634392,0.00777818
0.08967706,-0.04962939,0.00815080
0.09356271,-0.05300879,0.00853886
0.09762544,-0.05648852,0.00894307
0.10187293,-0.06007515,0.00936421
0.10631324,-0.06377549,0.00980307
0.11095475,-0.06759652,0.01026048
0.11580625,-0.07154549,0.01073732
0.12087694,-0.07562987,0.01123448
0.12617639,-0.07985739,0.01175289
0.13171466,-0.08423605,0.01229356
0.13750220,-0.08877413,0.01285749
0.14354999,-0.09348023,0.01344575
0.14095851,-0.09226139,0.01321169
0.13492216,-0.08834392,0.01264205
0.12914528,-0.08459635,0.01209672
0.12361676,-0.08101146,0.01157465
0.11832598,-0.07758237,0.01107484
0.11326275,-0.07430249,0.01059633
0.10841735,-0.07116550,0.01013820
0.10378044,-0.06816537,0.00969957
0.09934312,-0.06529632,0.00927959
0.09509685,-0.06255286,0.00887745
0.09103346,-0.05992969,0.00849239
0.08714514,-0.05742177,0.00812366
0.08342442,-0.05502428,0.00777055
0.07986413,-0.05273262,0.00743239
0.07645743,-0.05054236,0.00710852
0.07319776,-0.04844930,0.00679832
0.07007887,-0.04644942,0.00650119
0.06709475,-0.04453887,0.00621657
0.06423966,-0.04271397,0.00594390
0.06150811,-0.04097121,0.00568267
0.05889485,-0.03930725,0.00543236
0.05639485,-0.03771888,0.00519250
0.05400331,-0.03620305,0.00496262
0.05171562,-0.03475684,0.00474229
0.04952739,-0.03337748,0.00453108
0.04743441,-0.03206230,0.00432858
0.04543265,-0.03080879,0.00413441
0.04351826,-0.02961452,0.00394819
0.04168757,-0.02847721,0.00376956
0.03993704,-0.02739466,0.00359818
0.03826332,-0.02636479,0.00343372
0.03666319,-0.02538563,0.00327587
0.03513356,-0.02445529,0.00312431
0.03367150,-0.02357198,0.00297876
0.03227420,-0.02273400,0.00283894
0.03093896,-0.02193974,0.00270458
0.02966322,-0.02118767,0.00257543
0.02844453,-0.02047635,0.00245122
0.02728054,-0.01980441,0.00233173
0.02616902,-0.01917056,0.00221672
0.02510782,-0.01857357,0.00210598
0.02409491,-0.01801230,0.00199929
0.02312833,-0.01748567,0.00189644
0.02220624,-0.01699267,0.00179724
0.02132685,-0.01653235,0.00170149
0.02048847,-0.01610382,0.00160902
0.01968950,-0.01570627,0.00151964
0.01892839,-0.01533891,0.00143318
0.01820368,-0.01500106,0.00134948
0.01751398,-0.01469205,0.00126838
0.01685797,-0.01441130,0.00118971
0.01623437,-0.01415827,0.00111333
0.01564200,-0.01393246,0.00103910
0.01507970,-0.01373345,0.00096686
0.01454641,-0.01356085,0.00089648
0.01404109,-0.01341432,0.00082783
0.01356277,-0.01329360,0.00076076
0.01311054,-0.01319844,0.00069516
0.01268352,-0.01312866,0.00063090
0.01228090,-0.01308413,0.00056785
0.01190189,-0.01306476,0.00050589
0.01154577,-0.01307052,0.00044491
0.01121185,-0.01310141,0.00038478
0.01089949,-0.01315750,0.00032539
0.01060810,-0.01323889,0.00026663
0.01033711,-0.01334575,0.00020838
0.01008600,-0.01347827,0.00015053
0.00985428,-0.01363670,0.00009297
0.00964151,-0.01382137,0.00003559
0.00944729,-0.01403261,-0.00002173
0.00927124,-0.01427084,-0.00007908
0.00911301,-0.01453652,-0.00013659
0.00897231,-0.01483015,-0.00019436
0.00884887,-0.01515230,-0.00025250
0.00874244,-0.01550359,-0.00031113
0.00865283,-0.01588470,-0.00037035
0.00857985,-0.01629636,-0.00043029
0.00852338,-0.01673935,-0.00049106
0.00848330,-0.01721454,-0.00055277
0.00845953,-0.01772283,-0.00061555
0.00845203,-0.01826521,-0.00067950
0.00846079,-0.01884271,-0.00074477
0.00848582,-0.01945645,-0.00081146
0.00852716,-0.02010760,-0.00087972
0.00858491,-0.02079743,-0.00094967
0.00865916,-0.02152725,-0.00102145
0.00875007,-0.02229847,-0.00109519
0.00885781,-0.02311258,-0.00117103
0.00898258,-0.02397113,-0.00124913
0.00912463,-0.02487578,-0.00132963
0.00928422,-0.02582828,-0.00141269
0.00946167,-0.02683044,-0.00149846
0.00965731,-0.02788420,-0.00158712
0.00987153,-0.02899159,-0.00167883
0.01010473,-0.03015473,-0.00177377
0.01035736,-0.03137586,-0.00187211
0.01062991,-0.03265734,-0.00197406
0.01092291,-0.03400161,-0.00207981
0.01123691,-0.03541128,-0.00218955
0.01157252,-0.03688905,-0.00230351
0.01193039,-0.03843776,-0.00242189
0.01231120,-0.04006039,-0.00254493
0.01271568,-0.04176006,-0.00267287
0.01314462,-0.04354004,-0.00280595
0.01359884,-0.04540376,-0.00294442
0.01407921,-0.04735479,-0.00308856
0.01458666,-0.04939689,-0.00323864
0.01512216,-0.05153399,-0.00339494
0.01568674,-0.05377020,-0.00355777
0.01628149,-0.05610981,-0.00372745
0.01690756,-0.05855733,-0.00390429
0.01756613,-0.06111746,-0.00408864
0.01825849,-0.06379513,-0.00428086
0.01898596,-0.06659549,-0.00448131
0.01974995,-0.06952392,-0.00469037
0.02055191,-0.07258605,-0.00490846
0.02139341,-0.07578778,-0.00513598
0.02227604,-0.07913525,-0.00537339
0.02320151,-0.08263492,-0.00562112
0.02417160,-0.08629350,-0.00587967
0.02518818,-0.09011803,-0.00614952
0.02625320,-0.09411588,-0.00643120
0.02736871,-0.09829472,-0.00672525
0.02853685,-0.10266259,-0.00703223
0.02975987,-0.10722790,-0.00735274
0.03104012,-0.11199942,-0.00768739
0.03238007,-0.11698634,-0.00803682
0.03378229,-0.12219823,-0.00840170
0.03524947,-0.12764512,-0.00878275
0.03678445,-0.13333750,-0.00918068
0.03839016,-0.13928630,-0.00959627
0.04006971,-0.14550297,-0.01003032
0.04182632,-0.15199946,-0.01048365
0.04366336,-0.15878826,-0.01095715
0.04558437,-0.16588244,-0.01145171
0.04759305,-0.17329563,-0.01196830
0.04969326,-0.18104209,-0.01250791
0.05188903,-0.18913671,-0.01307157
0.05418460,-0.19759508,-0.01366038
0.05658436,-0.20643344,-0.01427545
0.05909295,-0.21566881,-0.01491797
0.06171518,-0.22531893,-0.01558919
0.06146563,-0.22428185,-0.01551266
0.05892972,-0.21481690,-0.01484992
0.05650374,-0.20575270,-0.01421489
0.05418317,-0.19707234,-0.01360637
0.05196368,-0.18875962,-0.01302324
0.04984113,-0.18079904,-0.01246440
0.04781156,-0.17317574,-0.01192881
0.04587119,-0.16587551,-0.01141547
0.04401639,-0.15888472,-0.01092344
0.04224370,-0.15219033,-0.01045178
0.04054982,-0.14577986,-0.00999962
0.03893158,-0.13964135,-0.00956611
0.03738598,-0.13376334,-0.00915045
0.03591011,-0.12813486,-0.00875186
0.03450124,-0.12274543,-0.00836959
0.03315673,-0.11758498,-0.00800294
0.03187408,-0.11264389,-0.00765122
0.03065089,-0.10791294,-0.00731377
0.02948488,-0.10338330,-0.00698997
0.02837387,-0.09904653,-0.00667920
0.02731580,-0.09489453,-0.00638090
0.02630868,-0.09091956,-0.00609450
0.02535064,-0.08711420,-0.00581947
0.02443990,-0.08347135,-0.00555530
0.02357475,-0.07998422,-0.00530149
0.02275357,-0.07664631,-0.00505757
0.02197485,-0.07345138,-0.00482308
0.02123712,-0.07039348,-0.00459759
0.02053901,-0.06746689,-0.00438068
0.01987921,-0.06466617,-0.00417195
0.01925650,-0.06198609,-0.00397099
0.01866971,-0.05942164,-0.00377744
0.01811776,-0.05696804,-0.00359094
0.01759960,-0.05462072,-0.00341114
0.01711427,-0.05237529,-0.00323770
0.01666087,-0.05022758,-0.00307030
0.01623855,-0.04817356,-0.00290863
0.01584653,-0.04620941,-0.00275239
0.01548406,-0.04433147,-0.00260128
0.01515049,-0.04253623,-0.00245502
0.01484517,-0.04082034,-0.00231335
0.01456755,-0.03918060,-0.00217599
0.01431711,-0.03761395,-0.00204268
0.01409338,-0.03611748,-0.00191319
0.01389593,-0.03468838,-0.00178727
0.01372441,-0.03332400,-0.00166468
0.01357850,-0.03202178,-0.00154520
0.01345791,-0.03077930,-0.00142860
0.01336243,-0.02959423,-0.00131466
0.01329188,-0.02846438,-0.00120318
0.01324613,-0.02738763,-0.00109394
0.01322508,-0.02636197,-0.00098675
0.01322871,-0.02538549,-0.00088139
0.01325702,-0.02445637,-0.00077768
0.01331006,-0.02357287,-0.00067542
0.01338792,-0.02273334,-0.00057442
0.01349077,-0.02193623,-0.00047449
0.01361878,-0.02118004,-0.00037544
0.01377220,-0.02046336,-0.00027710
0.01395131,-0.01978485,-0.00017927
0.01415644,-0.01914326,-0.00008178
0.01438799,-0.01853737,0.00001556
0.01464637,-0.01796607,0.00011293
0.01493208,-0.01742829,0.00021051
0.01524565,-0.01692302,0.00030848
0.01558765,-0.01644931,0.00040703
0.01595874,-0.01600630,0.00050633
0.01635960,-0.01559315,0.00060659
0.01679097,-0.01520908,0.00070797
0.01725368,-0.01485339,0.00081067
0.01774856,-0.01452540,0.00091489
0.01827656,-0.01422452,0.00102081
0.01883865,-0.01395017,0.00112864
0.01943589,-0.01370185,0.00123857
0.02006939,-0.01347908,0.00135082
0.02074032,-0.01328146,0.00146558
0.02144995,-0.01310862,0.00158308
0.02219959,-0.01296024,0.00170353
0.02299065,-0.01283603,0.00182716
0.02382460,-0.01273576,0.00195419
0.02470299,-0.01265926,0.00208488
0.02562746,-0.01260637,0.00221945
0.02659975,-0.01257700,0.00235816
0.02762165,-0.01257109,0.00250127
0.02869509,-0.01258864,0.00264905
0.02982206,-0.01262967,0.00280177
0.03100466,-0.01269426,0.00295972
0.03224510,-0.01278253,0.00312319
0.03354569,-0.01289465,0.00329248
0.03490887,-0.01303082,0.00346792
0.03633717,-0.01319130,0.00364982
0.03783325,-0.01337639,0.00383854
0.03939992,-0.01358644,0.00403442
0.04104008,-0.01382183,0.00423782
0.04275681,-0.01408300,0.00444913
0.04455330,-0.01437045,0.00466873
0.04643291,-0.01468471,0.00489705
0.04839914,-0.01502636,0.00513451
0.05045566,-0.01539604,0.00538154
0.05260630,-0.01579444,0.00563861
0.05485509,-0.01622231,0.00590620
0.05720620,-0.01668045,0.00618481
0.05966404,-0.01716970,0.00647495
0.06223318,-0.01769098,0.00677718
0.06491842,-0.01824526,0.00709205
0.06772476,-0.01883359,0.00742014
0.07065745,-0.01945704,0.00776209
0.07372195,-0.02011679,0.00811851
0.07692398,-0.02081408,0.00849007
0.08026952,-0.02155019,0.00887748
0.08376480,-0.02232650,0.00928145
0.08741634,-0.02314447,0.00970273
0.09123096,-0.02400561,0.01014211
0.09521578,-0.02491153,0.01060041
0.09937822,-0.02586393,0.01107849
0.10372605,-0.02686457,0.01157723
0.10826739,-0.02791534,0.01209757
0.11301071,-0.02901818,0.01264048
0.11796484,-0.03017515,0.01320698
0.12313905,-0.03138842,0.01379811
0.12854297,-0.03266024,0.01441498
0.13418669,-0.03399299,0.01505874
0.14008075,-0.03538916,0.01573059
0.14623612,-0.03685135,0.01643179
0.15266430,-0.03838228,0.01716365
0.15219982,-0.03803311,0.01710808
0.14572777,-0.03625597,0.01636820
0.13953358,-0.03454796,0.01565952
0.13360546,-0.03290582,0.01498071
0.12793209,-0.03132643,0.01433047
0.12250267,-0.02980677,0.01370755
0.11730683,-0.02834395,0.01311076
0.11233467,-0.02693517,0.01253898
0.10757670,-0.02557775,0.01199110
0.10302387,-0.02426911,0.01146609
0.09866747,-0.02300674,0.01096294
0.09449922,-0.02178824,0.01048070
0.09051116,-0.02061128,0.01001844
0.08669568,-0.01947363,0.00957529
0.08304551,-0.01837311,0.00915039
0.07955369,-0.01730762,0.00874294
0.07621357,-0.01627514,0.00835216
0.07301876,-0.01527368,0.00797730
0.06996319,-0.01430135,0.00761766
0.06704103,-0.01335630,0.00727255
0.06424669,-0.01243671,0.00694130
0.06157487,-0.01154083,0.00662328
0.05902045,-0.01066696,0.00631790
0.05657857,-0.00981343,0.00602456
0.05424458,-0.00897861,0.00574271
0.05201401,-0.00816091,0.00547181
0.04988263,-0.00735877,0.00521134
0.04784636,-0.00657067,0.00496081
0.04590133,-0.00579509,0.00471974
0.04404382,-0.00503056,0.00448767
0.04227029,-0.00427563,0.00426415
0.04057737,-0.00352885,0.00404877
0.03896181,-0.00278880,0.00384111
0.03742055,-0.00205406,0.00364077
0.03595064,-0.00132324,0.00344737
0.03454928,-0.00059495,0.00326055
0.03321380,0.00013221,0.00307994
0.03194165,0.00085962,0.00290521
0.03073041,0.00158868,0.00273602
0.02957776,0.00232076,0.00257204
0.02848151,0.00305726,0.00241297
0.02743957,0.00379960,0.00225850
0.02644996,0.00454918,0.00210833
0.02551077,0.00530743,0.00196219
0.02462023,0.00607581,0.00181978
0.02377664,0.00685576,0.00168085
0.02297838,0.00764880,0.00154512
0.02222394,0.00845641,0.00141234
0.02151187,0.00928015,0.00128225
0.02084082,0.01012159,0.00115461
0.02020951,0.01098233,0.00102916
0.01961674,0.01186400,0.00090568
0.01906137,0.01276830,0.00078393
0.01854235,0.01369695,0.00066367
0.01805868,0.01465171,0.00054468
0.01760945,0.01563441,0.00042672
0.01719380,0.01664692,0.00030958
0.01681093,0.01769117,0.00019303
0.01646011,0.01876916,0.00007685
0.01614069,0.01988293,-0.00003918
0.01585204,0.02103462,-0.00015529
0.01559361,0.02222642,-0.00027170
0.01536492,0.02346059,-0.00038863
0.01516553,0.02473950,-0.00050629
0.01499505,0.02606559,-0.00062492
0.01485317,0.02744137,-0.00074474
0.01473960,0.02886948,-0.00086599
0.01465415,0.03035264,-0.00098888
0.01459663,0.03189368,-0.00111366
0.01456695,0.03349553,-0.00124056
0.01456505,0.03516124,-0.00136983
0.01459092,0.03689401,-0.00150171
0.01464461,0.03869712,-0.00163646
0.01472622,0.04057401,-0.00177432
0.01483591,0.04252828,-0.00191557
0.01497389,0.04456364,-0.00206047
0.01514043,0.04668397,-0.00220930
0.01533583,0.04889331,-0.00236234
0.01556048,0.05119589,-0.00251988
0.01581480,0.05359608,-0.00268223
0.01609927,0.05609847,-0.00284970
0.01641444,0.05870783,-0.00302260
0.01676091,0.06142913,-0.00320126
0.01713934,0.06426757,-0.00338603
0.01755045,0.06722855,-0.00357725
0.01799502,0.07031772,-0.00377530
0.01847391,0.07354097,-0.00398054
0.01898802,0.07690445,-0.00419337
0.01953834,0.08041456,-0.00441420
0.02012592,0.08407801,-0.00464345
0.02075187,0.08790178,-0.00488154
0.02141739,0.09189316,-0.00512895
0.02212375,0.09605977,-0.00538614
0.02287229,0.10040953,-0.00565360
0.02366445,0.10495076,-0.00593184
0.02450173,0.10969210,-0.00622138
0.02538573,0.11464261,-0.00652280
0.02631814,0.11981171,-0.00683665
0.02730072,0.12520927,-0.00716353
0.02833537,0.13084557,-0.00750408
0.02942404,0.13673137,-0.00785893
0.03056882,0.14287789,-0.00822877
0.03177189,0.14929685,-0.00861430
0.03303554,0.15600048,-0.00901625
0.03436218,0.16300157,-0.00943540
0.03575435,0.17031348,-0.00987254
0.03721469,0.17795013,-0.01032850
0.03874599,0.18592610,-0.01080416
0.04035117,0.19425659,-0.01130041
0.04203329,0.20295748,-0.01181822
0.04379556,0.21204537,-0.01235856
0.04564134,0.22153759,-0.01292247
0.04757415,0.23145223,-0.01351101
0.04959767,0.24180820,-0.01412532
0.05171577,0.25262525,-0.01476657
0.05393247,0.26392400,-0.01543596
0.05625201,0.27572600,-0.01613480
0.05867882,0.28805375,-0.01686440
0.06121751,0.30093076,-0.01762615
0.06387293,0.31438157,-0.01842152
0.06364888,0.31243552,-0.01828480
0.06119252,0.29916065,-0.01747814
0.05885094,0.28644695,-0.01670427
0.05661976,0.27427058,-0.01596173
0.05449479,0.26260870,-0.01524914
0.05247205,0.25143942,-0.01456515
0.05054773,0.24074180,-0.01390848
0.04871823,0.23049577,-0.01327790
0.04698011,0.22068212,-0.01267222
0.04533013,0.21128242,-0.01209032
0.04376517,0.20227906,-0.01153110
0.04228231,0.19365513,-0.01099351
0.04087877,0.18539447,-0.01047654
0.03955190,0.17748158,-0.00997922
0.03829923,0.16990162,-0.00950062
0.03711841,0.16264036,-0.00903985
0.03600721,0.15568419,-0.00859603
0.03496355,0.14902005,-0.00816833
0.03398548,0.14263545,-0.00775596
0.03307116,0.13651841,-0.00735814
0.03221888,0.13065745,-0.00697411
0.03142703,0.12504159,-0.00660318
0.03069413,0.11966028,-0.00624462
0.03001882,0.11450344,-0.00589779
0.02939981,0.10956138,-0.00556201
0.02883595,0.10482485,-0.00523667
0.02832618,0.10028494,-0.00492115
0.02786955,0.09593316,-0.00461486
0.02746520,0.09176133,-0.00431723
0.02711237,0.08776162,-0.00402770
0.02681039,0.08392655,-0.00374572
0.02655871,0.08024890,-0.00347077
0.02635684,0.07672179,-0.00320233
0.02620442,0.07333860,-0.00293990
0.02610115,0.07009297,-0.00268298
0.02604685,0.06697883,-0.00243109
0.02604140,0.06399033,-0.00218377
0.02608480,0.06112187,-0.00194054
0.02617713,0.05836806,-0.00170095
0.02631857,0.05572374,-0.00146455
0.02650938,0.05318394,-0.00123090
0.02674991,0.05074391,-0.00099956
0.02704062,0.04839907,-0.00077009
0.02738206,0.04614502,-0.00054207
0.02777485,0.04397752,-0.00031506
0.02821975,0.04189252,-0.00008865
0.02871759,0.03988611,0.00013760
0.02926929,0.03795451,0.00036410
0.02987590,0.03609411,0.00059129
0.03053856,0.03430142,0.00081959
0.03125849,0.03257307,0.00104943
0.03203706,0.03090582,0.00128123
0.03287573,0.02929654,0.00151544
0.03377607,0.02774222,0.00175249
0.03473976,0.02623994,0.00199283
0.03576863,0.02478689,0.00223690
0.03686458,0.02338032,0.00248518
0.03802969,0.02201762,0.00273811
0.03926614,0.02069622,0.00299618
0.04057624,0.01941364,0.00325987
0.04196246,0.01816747,0.00352968
0.04342739,0.01695539,0.00380610
0.04497378,0.01577511,0.00408967
0.04660454,0.01462442,0.00438091
0.04832272,0.01350117,0.00468036
0.05013154,0.01240324,0.00498860
0.05203441,0.01132858,0.00530619
0.05403488,0.01027517,0.00563374
0.05613671,0.00924103,0.00597185
0.05834384,0.00822423,0.00632117
0.06066042,0.00722285,0.00668234
0.06309078,0.00623503,0.00705605
0.06563949,0.00525890,0.00744299
0.06831134,0.00429263,0.00784390
0.07111132,0.00333442,0.00825952
0.07404469,0.00238246,0.00869063
0.07711696,0.00143497,0.00913805
0.08033389,0.00049017,0.00960261
0.08370151,-0.00045370,0.01008518
0.08722614,-0.00139843,0.01058667
0.09091439,-0.00234579,0.01110801
0.09477319,-0.00329754,0.01165020
0.09880976,-0.00425548,0.01221423
0.10303168,-0.00522140,0.01280118
0.10744687,-0.00619711,0.01341215
0.11206361,-0.00718445,0.01404827
0.11689057,-0.00818527,0.01471074
0.12193679,-0.00920144,0.01540081
0.12721174,-0.01023487,0.01611977
0.13272532,-0.01128750,0.01686896
0.13848788,-0.01236130,0.01764980
0.14451021,-0.01345829,0.01846375
0.15080362,-0.01458052,0.01931233
0.14909985,-0.01497274,0.01910589
0.14276451,-0.01453127,0.01827423
0.13670224,-0.01411760,0.01747754
0.13090143,-0.01373093,0.01671427
0.12535100,-0.01337052,0.01598296
0.12004032,-0.01303569,0.01528223
0.11495924,-0.01272579,0.01461073
0.11009805,-0.01244023,0.01396718
0.10544743,-0.01217846,0.01335034
0.10099851,-0.01193999,0.01275903
0.09674276,-0.01172435,0.01219213
0.09267205,-0.01153114,0.01164855
0.08877860,-0.01135999,0.01112725
0.08505495,-0.01121056,0.01062723
0.08149398,-0.01108258,0.01014754
0.07808889,-0.01097579,0.00968726
0.07483316,-0.01088999,0.00924551
0.07172056,-0.01082503,0.00882144
0.06874513,-0.01078077,0.00841424
0.06590120,-0.01075713,0.00802314
0.06318331,-0.01075406,0.00764738
0.06058628,-0.01077157,0.00728625
0.05810512,-0.01080967,0.00693905
0.05573511,-0.01086845,0.00660513
0.05347169,-0.01094802,0.00628384
0.05131056,-0.01104853,0.00597457
0.04924756,-0.01117018,0.00567673
0.04727876,-0.01131318,0.00538975
0.04540039,-0.01147783,0.00511307
0.04360885,-0.01166443,0.00484618
0.04190073,-0.01187334,0.00458855
0.04027274,-0.01210496,0.00433970
0.03872179,-0.01235973,0.00409915
0.03724490,-0.01263814,0.00386644
0.03583925,-0.01294072,0.00364113
0.03450214,-0.01326806,0.00342278
0.03323103,-0.01362078,0.00321098
0.03202348,-0.01399954,0.00300532
0.03087718,-0.01440508,0.00280541
0.02978994,-0.01483818,0.00261086
0.02875968,-0.01529966,0.00242131
0.02778442,-0.01579039,0.00223638
0.02686231,-0.01631134,0.00205574
0.02599158,-0.01686348,0.00187903
0.02517056,-0.01744787,0.00170591
0.02439769,-0.01806564,0.00153605
0.02367148,-0.01871796,0.00136914
0.02299054,-0.01940608,0.00120484
0.02235358,-0.02013132,0.00104284
0.02175938,-0.02089506,0.00088284
0.02120679,-0.02169877,0.00072453
0.02069477,-0.02254398,0.00056761
0.02022233,-0.02343232,0.00041177
0.01978856,-0.02436547,0.00025672
0.01939265,-0.02534522,0.00010215
0.01903383,-0.02637345,-0.00005221
0.01871142,-0.02745213,-0.00020668
0.01842479,-0.02858331,-0.00036154
0.01817341,-0.02976916,-0.00051709
0.01795678,-0.03101196,-0.00067363
0.01777450,-0.03231407,-0.00083146
0.01762622,-0.03367798,-0.00099088
0.01751165,-0.03510631,-0.00115220
0.01743058,-0.03660179,-0.00131571
0.01738284,-0.03816728,-0.00148175
0.01736836,-0.03980576,-0.00165062
0.01738709,-0.04152039,-0.00182265
0.01743908,-0.04331443,-0.00199816
0.01752442,-0.04519131,-0.00217749
0.01764329,-0.04715464,-0.00236099
0.01779590,-0.04920815,-0.00254901
0.01798255,-0.05135579,-0.00274190
0.01820359,-0.05360165,-0.00294004
0.01845945,-0.05595003,-0.00314379
0.01875062,-0.05840543,-0.00335357
0.01907765,-0.06097254,-0.00356975
0.01944117,-0.06365628,-0.00379277
0.01984188,-0.06646176,-0.00402303
0.02028054,-0.06939437,-0.00426100
0.02075798,-0.07245971,-0.00450711
0.02127514,-0.07566364,-0.00476184
0.02183298,-0.07901229,-0.00502569
0.02243259,-0.08251206,-0.00529914
0.02307510,-0.08616966,-0.00558273
0.02376174,-0.08999207,-0.00587700
0.02449384,-0.09398661,-0.00618251
0.02527278,-0.09816091,-0.00649984
0.02610006,-0.10252297,-0.00682961
0.02697727,-0.10708112,-0.00717244
0.02790607,-0.11184408,-0.00752898
0.02888825,-0.11682096,-0.00789993
0.02992568,-0.12202129,-0.00828599
0.03102036,-0.12745501,-0.00868790
0.03217436,-0.13313250,-0.00910642
0.03338990,-0.13906464,-0.00954236
0.03466931,-0.14526277,-0.00999655
0.03601503,-0.15173873,-0.01046987
0.03742964,-0.15850493,-0.01096321
0.03891583,-0.16557429,-0.01147751
0.04047646,-0.17296035,-0.01201378
0.04211451,-0.18067723,-0.01257302
0.04383311,-0.18873968,-0.01315630
0.04563555,-0.19716314,-0.01376476
0.04752528,-0.20596370,-0.01439953
0.04950591,-0.21515821,-0.01506186
0.05158122,-0.22476425,-0.01575299
0.05375520,-0.23480020,-0.01647425
0.05603199,-0.24528524,-0.01722702
0.05841595,-0.25623944,-0.01801274
0.06091165,-0.26768374,-0.01883291
0.06352385,-0.27964004,-0.01968910
0.06353452,-0.27892304,-0.01961423
0.06112490,-0.26711782,-0.01874525
0.05882972,-0.25581266,-0.01791135
0.05664466,-0.24498640,-0.01711099
0.05456565,-0.23461877,-0.01634267
0.05258878,-0.22469035,-0.01560493
0.05071037,-0.21518257,-0.01489641
0.04892688,-0.20607763,-0.01421578
0.04723500,-0.19735847,-0.01356176
0.04563153,-0.18900878,-0.01293313
0.04411350,-0.18101293,-0.01232871
0.04267804,-0.17335594,-0.01174737
0.04132249,-0.16602349,-0.01118802
0.04004429,-0.15900184,-0.01064962
0.03884105,-0.15227785,-0.01013115
0.03771053,-0.14583893,-0.00963165
0.03665061,-0.13967304,-0.00915018
0.03565929,-0.13376862,-0.00868584
0.03473474,-0.12811462,-0.00823776
0.03387520,-0.12270046,-0.00780510
0.03307909,-0.11751600,-0.00738705
0.03234490,-0.11255154,-0.00698284
0.03167126,-0.10779779,-0.00659169
0.03105691,-0.10324583,-0.00621289
0.03050071,-0.09888716,-0.00584571
0.03000160,-0.09471361,-0.00548948
0.02955866,-0.09071737,-0.00514353
0.02917105,-0.08689096,-0.00480720
0.02883805,-0.08322721,-0.00447987
0.02855904,-0.07971928,-0.00416094
0.02833349,-0.07636057,-0.00384979
0.02816099,-0.07314482,-0.00354584
0.02804120,-0.07006601,-0.00324854
0.02797391,-0.06711836,-0.00295731
0.02795899,-0.06429636,-0.00267163
0.02799641,-0.06159472,-0.00239094
0.02808624,-0.05900840,-0.00211473
0.02822865,-0.05653254,-0.00184248
0.02842390,-0.05416251,-0.00157368
0.02867237,-0.05189388,-0.00130782
0.02897451,-0.04972240,-0.00104442
0.02933089,-0.04764400,-0.00078296
0.02974219,-0.04565480,-0.00052298
0.03020916,-0.04375106,-0.00026397
0.03073268,-0.04192922,-0.00000546
0.03131374,-0.04018588,0.00025304
0.03195342,-0.03851778,0.00051202
0.03265292,-0.03692177,0.00077196
0.03341355,-0.03539489,0.00103334
0.03423673,-0.03393427,0.00129665
0.03512400,-0.03253718,0.00156239
0.03607702,-0.03120100,0.00183106
0.03709759,-0.02992323,0.00210315
0.03818760,-0.02870147,0.00237919
0.03934910,-0.02753345,0.00265967
0.04058427,-0.02641697,0.00294514
0.04189541,-0.02534995,0.00323612
0.04328499,-0.02433038,0.00353315
0.04475559,-0.02335636,0.00383680
0.04630998,-0.02242606,0.00414764
0.04795107,-0.02153775,0.00446624
0.04968192,-0.02068976,0.00479320
0.05150578,-0.01988050,0.00512913
0.05342606,-0.01910846,0.00547466
0.05544636,-0.01837219,0.00583045
0.05757046,-0.01767031,0.00619714
0.05980233,-0.01700151,0.00657544
0.06214616,-0.01636454,0.00696605
0.06460632,-0.01575821,0.00736970
0.06718744,-0.01518138,0.00778715
0.06989433,-0.01463297,0.00821918
0.07273207,-0.01411195,0.00866659
0.07570597,-0.01361735,0.00913022
0.07882159,-0.01314824,0.00961095
0.08208477,-0.01270374,0.01010967
0.08550162,-0.01228303,0.01062732
0.08907854,-0.01188532,0.01116486
0.09282221,-0.01150985,0.01172330
0.09673966,-0.01115593,0.01230369
0.10083820,-0.01082290,0.01290711
0.10512552,-0.01051012,0.01353470
0.10960964,-0.01021702,0.01418762
0.11429896,-0.00994305,0.01486710
0.11920225,-0.00968770,0.01557442
0.12432869,-0.00945047,0.01631089
0.12968789,-0.00923095,0.01707790
0.13528987,-0.00902870,0.01787687
0.14114512,-0.00884335,0.01870932
0.14726460,-0.00867456,0.01957679
0.15365977,-0.00852201,0.02048090
0.14997637,-0.00788046,0.01999118
0.14361116,-0.00731789,0.01912070
0.13752026,-0.00676929,0.01828675
0.13169203,-0.00623362,0.01748773
0.12611535,-0.00570986,0.01672211
0.12077957,-0.00519701,0.01598843
0.11567449,-0.00469408,0.01528529
0.11079035,-0.00420012,0.01461135
0.10611784,-0.00371418,0.01396531
0.10164803,-0.00323534,0.01334596
0.09737237,-0.00276267,0.01275209
0.09328271,-0.00229529,0.01218258
0.08937122,-0.00183228,0.01163635
0.08563045,-0.00137278,0.01111234
0.08205323,-0.00091590,0.01060955
0.07863275,-0.00046077,0.01012703
0.07536246,-0.00000652,0.00966385
0.07223613,0.00044772,0.00921914
0.06924777,0.00090281,0.00879203
0.06639169,0.00135963,0.00838171
0.06366241,0.00181904,0.00798741
0.06105475,0.00228193,0.00760836
0.05856370,0.00274918,0.00724385
0.05618451,0.00322168,0.00689317
0.05391264,0.00370033,0.00655566
0.05174376,0.00418605,0.00623067
0.04967370,0.00467976,0.00591758
0.04769853,0.00518242,0.00561580
0.04581447,0.00569497,0.00532474
0.04401792,0.00621840,0.00504385
0.04230545,0.00675371,0.00477260
0.04067379,0.00730192,0.00451046
0.03911982,0.00786408,0.00425694
0.03764057,0.00844126,0.00401155
0.03623322,0.00903456,0.00377382
0.03489507,0.00964512,0.00354330
0.03362358,0.01027410,0.00331955
0.03241632,0.01092270,0.00310214
0.03127097,0.01159217,0.00289066
0.03018536,0.01228379,0.00268469
0.02915740,0.01299886,0.00248386
0.02818514,0.01373876,0.00228777
0.02726671,0.01450491,0.00209605
0.02640037,0.01529876,0.00190833
0.02558445,0.01612184,0.00172426
0.02481740,0.01697571,0.00154348
0.02409776,0.01786200,0.00136565
0.02342414,0.01878241,0.00119043
0.02279527,0.01973870,0.00101748
0.02220994,0.02073269,0.00084647
0.02166703,0.02176629,0.00067709
0.02116551,0.02284145,0.00050899
0.02070441,0.02396025,0.00034187
0.02028287,0.02512482,0.00017540
0.01990006,0.02633737,0.00000927
0.01955527,0.02760024,-0.00015685
0.01924783,0.02891582,-0.00032327
0.01897716,0.03028663,-0.00049030
0.01874273,0.03171530,-0.00065827
0.01854411,0.03320454,-0.00082750
0.01838091,0.03475721,-0.00099831
0.01825281,0.03637627,-0.00117102
0.01815958,0.03806481,-0.00134597
0.01810104,0.03982606,-0.00152350
0.01807707,0.04166338,-0.00170393
0.01808763,0.04358028,-0.00188762
0.01813275,0.04558043,-0.00207491
0.01821249,0.04766763,-0.00226617
0.01832703,0.04984589,-0.00246175
0.01847657,0.05211936,-0.00266204
0.01866140,0.05449238,-0.00286741
0.01888188,0.05696949,-0.00307826
0.01913842,0.05955542,-0.00329499
0.01943152,0.06225510,-0.00351801
0.01976174,0.06507370,-0.00374775
0.02012971,0.06801659,-0.00398465
0.02053612,0.07108941,-0.00422916
0.02098176,0.07429801,-0.00448175
0.02146748,0.07764853,-0.00474290
0.02199420,0.08114736,-0.00501311
0.02256294,0.08480120,-0.00529290
0.02317477,0.08861701,-0.00558280
0.02383087,0.09260209,-0.00588336
0.02453249,0.09676405,-0.00619515
0.02528096,0.10111085,-0.00651878
0.02607773,0.10565077,-0.00685487
0.02692431,0.11039250,-0.00720404
0.02782231,0.11534509,-0.00756698
0.02877346,0.12051800,-0.00794437
0.02977957,0.12592111,-0.00833693
0.03084257,0.13156474,-0.00874542
0.03196447,0.13745968,-0.00917061
0.03314743,0.14361718,-0.00961332
0.03439371,0.15004900,-0.01007440
0.03570568,0.15676744,-0.01055471
0.03708585,0.16378531,-0.01105519
0.03853686,0.17111603,-0.01157678
0.04006148,0.17877360,-0.01212049
0.04166263,0.18677265,-0.01268735
0.04334335,0.19512846,-0.01327844
0.04510686,0.20385697,-0.01389489
0.04695653,0.21297488,-0.01453789
0.04889590,0.22249959,-0.01520865
0.05092866,0.23244930,-0.01590847
0.05305870,0.24284302,-0.01663867
0.05529008,0.25370058,-0.01740065
0.05762708,0.26504275,-0.01819587
0.06007415,0.27689117,-0.01902585
0.06263597,0.28926848,-0.01989217
0.06531743,0.30219833,-0.02079648
0.06382048,0.29418303,-0.02021267
0.06140372,0.28170640,-0.01931634
0.05910202,0.26975762,-0.01845621
0.05691106,0.25831429,-0.01763066
0.05482673,0.24735497,-0.01683814
0.05284514,0.23685913,-0.01607718
0.05096256,0.22680711,-0.01534634
0.04917548,0.21718006,-0.01464425
0.04748053,0.20795994,-0.01396960
0.04587455,0.19912949,-0.01332113
0.04435453,0.19067216,-0.01269762
0.04291762,0.18257209,-0.01209790
0.04156112,0.17481411,-0.01152085
0.04028250,0.16738370,-0.01096539
0.03907936,0.16026691,-0.01043047
0.03794944,0.15345042,-0.00991510
0.03689063,0.14692146,-0.00941831
0.03590094,0.14066779,-0.00893916
0.03497852,0.13467769,-0.00847676
0.03412164,0.12893994,-0.00803025
0.03332870,0.12344380,-0.00759878
0.03259820,0.11817895,-0.00718155
0.03192879,0.11313554,-0.00677777
0.03131920,0.10830411,-0.00638670
0.03076830,0.10367562,-0.00600759
0.03027504,0.09924139,-0.00563974
0.02983852,0.09499312,-0.00528246
0.02945790,0.09092283,-0.00493508
0.02913248,0.08702291,-0.00459694
0.02886165,0.08328605,-0.00426741
0.02864490,0.07970524,-0.00394589
0.02848182,0.07627378,-0.00363175
0.02837210,0.07298524,-0.00332442
0.02831555,0.06983345,-0.00302332
0.02831206,0.06681251,-0.00272788
0.02836161,0.06391676,-0.00243756
0.02846431,0.06114077,-0.00215180
0.02862034,0.05847935,-0.00187008
0.02882999,0.05592750,-0.00159186
0.02909367,0.05348044,-0.00131662
0.02941186,0.05113359,-0.00104385
0.02978516,0.04888256,-0.00077303
0.03021427,0.04672311,-0.00050366
0.03070000,0.04465121,-0.00023524
0.03124325,0.04266298,0.00003274
0.03184504,0.04075469,0.00030079
0.03250649,0.03892276,0.00056939
0.03322886,0.03716376,0.00083907
0.03401349,0.03547439,0.00111032
0.03486185,0.03385150,0.00138364
0.03577553,0.03229203,0.00165956
0.03675625,0.03079307,0.00193859
0.03780584,0.02935181,0.00222125
0.03892627,0.02796555,0.00250808
0.04011963,0.02663168,0.00279960
0.04138817,0.02534772,0.00309637
0.04273426,0.02411125,0.00339894
0.04416042,0.02291996,0.00370788
0.04566933,0.02177162,0.00402377
0.04726380,0.02066407,0.00434719
0.04894684,0.01959524,0.00467876
0.05072159,0.01856313,0.00501910
0.05259138,0.01756580,0.00536885
0.05455972,0.01660138,0.00572865
0.05663028,0.01566807,0.00609919
0.05880695,0.01476411,0.00648115
0.06109382,0.01388782,0.00687526
0.06349515,0.01303756,0.00728225
0.06601546,0.01221172,0.00770289
0.06865946,0.01140876,0.00813796
0.07143212,0.01062718,0.00858828
0.07433862,0.00986552,0.00905469
0.07738441,0.00912233,0.00953806
0.08057519,0.00839625,0.01003931
0.08391696,0.00768589,0.01055937
0.08741596,0.00698993,0.01109922
0.09107876,0.00630708,0.01165986
0.09491221,0.00563604,0.01224235
0.09892351,0.00497556,0.01284777
0.10312016,0.00432440,0.01347728
0.10751003,0.00368135,0.01413203
0.11210134,0.00304519,0.01481326
0.11690271,0.00241474,0.01552225
0.12192312,0.00178882,0.01626033
0.12717198,0.00116624,0.01702887
0.13265913,0.00054586,0.01782932
0.13839484,-0.00007351,0.01866318
0.14438987,-0.00069301,0.01953200
0.15065545,-0.00131381,0.02043743
0.14995172,-0.00201388,0.02036878
0.14358644,-0.00215006,0.01948163
0.13749557,-0.00229034,0.01863172
0.13166747,-0.00243500,0.01781741
0.12609100,-0.00258432,0.01703715
0.12075551,-0.00273857,0.01628946
0.11565078,-0.00289806,0.01557289
0.11076708,-0.00306308,0.01488609
0.10609507,-0.00323396,0.01422773
0.10162582,-0.00341102,0.01359657
0.09735078,-0.00359460,0.01299139
0.09326179,-0.00378505,0.01241103
0.08935103,-0.00398273,0.01185440
0.08561103,-0.00418802,0.01132042
0.08203464,-0.00440132,0.01080808
0.07861503,-0.00462302,0.01031639
0.07534566,-0.00485357,0.00984442
0.07222029,-0.00509339,0.00939126
0.06923293,-0.00534294,0.00895604
0.06637789,-0.00560270,0.00853795
0.06364970,-0.00587317,0.00813617
0.06104315,-0.00615486,0.00774994
0.05855326,-0.00644832,0.00737852
0.05617527,-0.00675410,0.00702120
0.05390464,-0.00707279,0.00667730
0.05173702,-0.00740499,0.00634616
0.04966828,-0.00775135,0.00602715
0.04769447,-0.00811252,0.00571966
0.04581180,-0.00848919,0.00542310
0.04401668,-0.00888209,0.00513690
0.04230568,-0.00929196,0.00486052
0.04067553,-0.00971959,0.00459343
0.03912312,-0.01016579,0.00433512
0.03764548,-0.01063143,0.00408509
0.03623978,-0.01111738,0.00384287
0.03490333,-0.01162457,0.00360799
0.03363360,-0.01215398,0.00338001
0.03242814,-0.01270662,0.00315849
0.03128465,-0.01328355,0.00294300
0.03020095,-0.01388585,0.00273314
0.02917497,-0.01451470,0.00252850
0.02820474,-0.01517129,0.00232870
0.02728842,-0.01585686,0.00213334
0.02642425,-0.01657275,0.00194206
0.02561057,-0.01732030,0.00175449
0.02484584,-0.01810096,0.00157028
0.02412860,-0.01891621,0.00138907
0.02345746,-0.01976761,0.00121051
0.02283116,-0.02065678,0.00103426
0.02224849,-0.02158544,0.00086000
0.02170834,-0.02255534,0.00068737
0.02120967,-0.02356835,0.00051606
0.02075154,-0.02462641,0.00034574
0.02033307,-0.02573152,0.00017607
0.01995345,-0.02688581,0.00000674
0.01961197,-0.02809149,-0.00016257
0.01930797,-0.02935085,-0.00033220
0.01904087,-0.03066630,-0.00050246
0.01881016,-0.03204036,-0.00067368
0.01861539,-0.03347565,-0.00084618
0.01845621,-0.03497491,-0.00102031
0.01833229,-0.03654102,-0.00119638
0.01824341,-0.03817695,-0.00137475
0.01818939,-0.03988585,-0.00155574
0.01817014,-0.04167098,-0.00173970
0.01818561,-0.04353574,-0.00192698
0.01823583,-0.04548370,-0.00211795
0.01832091,-0.04751859,-0.00231297
0.01844099,-0.04964429,-0.00251241
0.01859633,-0.05186487,-0.00271665
0.01878720,-0.05418456,-0.00292608
0.01901397,-0.05660781,-0.00314110
0.01927708,-0.05913924,-0.00336212
0.01957704,-0.06178369,-0.00358957
0.01991440,-0.06454621,-0.00382389
0.02028983,-0.06743209,-0.00406550
0.02070403,-0.07044684,-0.00431489
0.02115780,-0.07359622,-0.00457253
0.02165200,-0.07688625,-0.00483890
0.02218758,-0.08032322,-0.00511452
0.02276557,-0.08391369,-0.00539991
0.02338706,-0.08766453,-0.00569563
0.02405325,-0.09158291,-0.00600223
0.02476540,-0.09567631,-0.00632030
0.02552489,-0.09995255,-0.00665045
0.02633316,-0.10441982,-0.00699331
0.02719175,-0.10908664,-0.00734953
0.02810230,-0.11396194,-0.00771980
0.02906657,-0.11905503,-0.00810482
0.03008638,-0.12437565,-0.00850534
0.03116369,-0.12993396,-0.00892210
0.03230056,-0.13574059,-0.00935592
0.03349916,-0.14180663,-0.00980762
0.03476178,-0.14814368,-0.01027806
0.03609083,-0.15476385,-0.01076814
0.03748885,-0.16167979,-0.01127880
0.03895852,-0.16890471,-0.01181102
0.04050264,-0.17645243,-0.01236581
0.04212417,-0.18433736,-0.01294423
0.04382620,-0.19257458,-0.01354739
0.04561199,-0.20117984,-0.01417644
0.04748495,-0.21016956,-0.01483258
0.04944865,-0.21956095,-0.01551707
0.05150686,-0.22937193,-0.01623122
0.05366350,-0.23962127,-0.01697638
0.05592270,-0.25032855,-0.01775399
0.05828877,-0.26151423,-0.01856552
0.06076624,-0.27319969,-0.01941254
0.06335984,-0.28540726,-0.02029666
0.06607453,-0.29816028,-0.02121956
0.06397062,-0.28750032,-0.02042492
0.06154882,-0.27531825,-0.01951949
0.05924230,-0.26365188,-0.01865063
0.05704675,-0.25247935,-0.01781671
0.05495805,-0.24177974,-0.01701615
0.05297230,-0.23153300,-0.01624747
0.05108576,-0.22171995,-0.01550922
0.04929492,-0.21232220,-0.01480002
0.04759640,-0.20332215,-0.01411854
0.04598705,-0.19470294,-0.01346351
0.04446382,-0.18644842,-0.01283370
0.04302389,-0.17854315,-0.01222792
0.04166454,-0.17097229,-0.01164505
0.04038323,-0.16372169,-0.01108399
0.03917757,-0.15677775,-0.01054370
0.03804528,-0.15012747,-0.01002315
0.03698426,-0.14375840,-0.00952137
0.03599252,-0.13765859,-0.00903743
0.03506819,-0.13181664,-0.00857042
0.03420955,-0.12622159,-0.00811946
0.03341499,-0.12086296,-0.00768372
0.03268301,-0.11573072,-0.00726236
0.03201225,-0.11081526,-0.00685460
0.03140146,-0.10610736,-0.00645969
0.03084948,-0.10159821,-0.00607687
0.03035529,-0.09727936,-0.00570544
0.02991796,-0.09314273,-0.00534470
0.02953666,-0.08918057,-0.00499396
0.02921069,-0.08538544,-0.00465258
0.02893943,-0.08175025,-0.00431991
0.02872238,-0.07826819,-0.00399534
0.02855913,-0.07493273,-0.00367825
0.02844938,-0.07173763,-0.00336805
0.02839291,-0.06867689,-0.00306416
0.02838963,-0.06574480,-0.00276600
0.02843952,-0.06293585,-0.00247303
0.02854268,-0.06024479,-0.00218469
0.02869930,-0.05766657,-0.00190044
0.02890968,-0.05519637,-0.00161976
0.02917421,-0.05282955,-0.00134210
0.02949339,-0.05056169,-0.00106696
0.02986781,-0.04838853,-0.00079382
0.03029818,-0.04630601,-0.00052217
0.03078529,-0.04431023,-0.00025149
0.03133007,-0.04239744,0.00001872
0.03193354,-0.04056407,0.00028896
0.03259682,-0.03880668,0.00055974
0.03332116,-0.03712198,0.00083157
0.03410791,-0.03550681,0.00110496
0.03495854,-0.03395815,0.00138041
0.03587466,-0.03247309,0.00165846
0.03685798,-0.03104886,0.00193961
0.03791033,-0.02968279,0.00222439
0.03903369,-0.02837231,0.00251334
0.04023017,-0.02711498,0.00280700
0.04150200,-0.02590844,0.00310591
0.04285157,-0.02475043,0.00341064
0.04428140,-0.02363878,0.00372176
0.04579418,-0.02257140,0.00403986
0.04739273,-0.02154631,0.00436551
0.04908005,-0.02056157,0.00469935
0.05085931,-0.01961534,0.00504199
0.05273383,-0.01870586,0.00539407
0.05470712,-0.01783142,0.00575626
0.05678289,-0.01699037,0.00612922
0.05896501,-0.01618115,0.00651367
0.06125759,-0.01540224,0.00691032
0.06366490,-0.01465218,0.00731992
0.06619147,-0.01392956,0.00774322
0.06884201,-0.01323303,0.00818103
0.07162151,-0.01256129,0.00863416
0.07453516,-0.01191308,0.00910346
0.07758842,-0.01128719,0.00958982
0.08078701,-0.01068243,0.01009414
0.08413692,-0.01009769,0.01061736
0.08764442,-0.00953186,0.01116047
0.09131610,-0.00898388,0.01172449
0.09515882,-0.00845273,0.01231047
0.09917977,-0.00793742,0.01291951
0.10338651,-0.00743697,0.01355274
0.10778689,-0.00695045,0.01421137
0.11238917,-0.00647695,0.01489661
0.11720196,-0.00601558,0.01560975
0.12223429,-0.00556548,0.01635213
0.12749557,-0.00512581,0.01712514
0.13299566,-0.00469573,0.01793023
0.13874486,-0.00427445,0.01876891
0.14475395,-0.00386118,0.01964274
0.15103417,-0.00345514,0.02055336
0.15016236,-0.00275249,0.02046056
0.14378868,-0.00240928,0.01956955
0.13768976,-0.00207068,0.01871593
0.13185392,-0.00173603,0.01789808
0.12627003,-0.00140470,0.01711442
0.12092742,-0.00107606,0.01636346
0.11581586,-0.00074947,0.01564378
0.11092561,-0.00042431,0.01495398
0.10624731,-0.00009997,0.01429276
0.10177202,0.00022419,0.01365885
0.09749120,0.00054877,0.01305103
0.09339666,0.00087440,0.01246816
0.08948058,0.00120170,0.01190911
0.08573548,0.00153130,0.01137281
0.08215420,0.00186382,0.01085824
0.07872990,0.00219991,0.01036443
0.07545603,0.00254020,0.00989041
0.07232634,0.00288534,0.00943530
0.06933485,0.00323599,0.00899821
0.06647585,0.00359283,0.00857832
0.06374386,0.00395654,0.00817482
0.06113368,0.00432780,0.00778694
0.05864030,0.00470733,0.00741393
0.05625898,0.00509586,0.00705510
0.05398515,0.00549412,0.00670974
0.05181448,0.00590289,0.00637721
0.04974281,0.00632293,0.00605686
0.04776619,0.00675505,0.00574808
0.04588085,0.00720008,0.00545029
0.04408316,0.00765887,0.00516291
0.04236972,0.00813229,0.00488540
0.04073723,0.00862125,0.00461722
0.03918258,0.00912669,0.00435786
0.03770280,0.00964956,0.00410683
0.03629506,0.01019087,0.00386365
0.03495667,0.01075165,0.00362785
0.03368508,0.01133298,0.00339899
0.03247785,0.01193596,0.00317661
0.03133268,0.01256175,0.00296031
0.03024737,0.01321154,0.00274967
0.02921987,0.01388658,0.00254427
0.02824820,0.01458815,0.00234374
0.02733050,0.01531759,0.00214769
0.02646502,0.01607631,0.00195574
0.02565012,0.01686574,0.00176753
0.02488422,0.01768739,0.00158270
0.02416588,0.01854285,0.00140089
0.02349371,0.01943373,0.00122175
0.02286643,0.02036175,0.00104495
0.02228284,0.02132867,0.00087015
0.02174183,0.02233635,0.00069701
0.02124237,0.02338671,0.00052521
0.02078349,0.02448176,0.00035440
0.02036433,0.02562358,0.00018427
0.01998408,0.02681437,0.00001450
0.01964201,0.02805639,-0.00015525
0.01933747,0.02935202,-0.00032529
0.01906989,0.03070373,-0.00049596
0.01883874,0.03211412,-0.00066757
0.01864359,0.03358586,-0.00084046
0.01848406,0.03512178,-0.00101495
0.01835985,0.03672482,-0.00119138
0.01827073,0.03839802,-0.00137010
0.01821651,0.04014459,-0.00155142
0.01819710,0.04196787,-0.00173572
0.01821247,0.04387134,-0.00192332
0.01826263,0.04585864,-0.00211461
0.01834769,0.04793357,-0.00230993
0.01846781,0.05010008,-0.00250967
0.01862321,0.05236233,-0.00271421
0.01881420,0.05472462,-0.00292393
0.01904114,0.05719149,-0.00313923
0.01930446,0.05976763,-0.00336054
0.01960467,0.06245798,-0.00358826
0.01994234,0.06526767,-0.00382285
0.02031811,0.06820207,-0.00406473
0.02073271,0.07126678,-0.00431439
0.02118692,0.07446768,-0.00457229
0.02168162,0.07781086,-0.00483892
0.02221774,0.08130272,-0.00511480
0.02279632,0.08494994,-0.00540046
0.02341846,0.08875947,-0.00569643
0.02408534,0.09273861,-0.00600329
0.02479825,0.09689494,-0.00632161
0.02555854,0.10123642,-0.00665202
0.02636767,0.10577134,-0.00699514
0.02722718,0.11050837,-0.00735162
0.02813871,0.11545655,-0.00772216
0.02910401,0.12062534,-0.00810744
0.03012492,0.12602462,-0.00850822
0.03120340,0.13166470,-0.00892526
0.03234149,0.13755637,-0.00935935
0.03354139,0.14371087,-0.00981132
0.03480537,0.15013998,-0.01028204
0.03613586,0.15685596,-0.01077241
0.03753540,0.16387167,-0.01128336
0.03900666,0.17120049,-0.01181587
0.04055245,0.17885644,-0.01237096
0.04217572,0.18685414,-0.01294968
0.04387959,0.19520888,-0.01355315
0.04566730,0.20393662,-0.01418252
0.04754227,0.21305404,-0.01483899
0.04950808,0.22257855,-0.01552381
0.05156849,0.23252836,-0.01623829
0.05372744,0.24292248,-0.01698380
0.05598905,0.25378077,-0.01776176
0.05835764,0.26512398,-0.01857367
0.06083774,0.27697378,-0.01942106
0.06343408,0.28935281,-0.02030556
0.06615164,0.30228473,-0.02122886
0.06400107,0.29126317,-0.02041922
0.06157779,0.27891437,-0.01951420
0.05926986,0.26708805,-0.01864573
0.05707296,0.25576205,-0.01781219
0.05498297,0.24491516,-0.01701202
0.05299598,0.23452705,-0.01624371
0.05110826,0.22457828,-0.01550583
0.04931629,0.21505019,-0.01479700
0.04761669,0.20592495,-0.01411589
0.04600629,0.19718546,-0.01346122
0.04448207,0.18881534,-0.01283177
0.04304118,0.18079893,-0.01222635
0.04168092,0.17312119,-0.01164384
0.04039873,0.16576776,-0.01108314
0.03919222,0.15872485,-0.01054320
0.03805913,0.15197927,-0.01002301
0.03699733,0.14551839,-0.00952159
0.03600484,0.13933010,-0.00903801
0.03507980,0.13340281,-0.00857137
0.03422046,0.12772542,-0.00812078
0.03342523,0.12228729,-0.00768540
0.03269262,0.11707823,-0.00726441
0.03202125,0.11208850,-0.00685704
0.03140986,0.10730873,-0.00646251
0.03085730,0.10272998,-0.00608009
0.03036256,0.09834366,-0.00570905
0.02992469,0.09414157,-0.00534872
0.02954287,0.09011583,-0.00499840
0.02921640,0.08625890,-0.00465744
0.02894466,0.08256356,-0.00432521
0.02872713,0.07902288,-0.00400108
0.02856342,0.07563022,-0.00368444
0.02845322,0.07237924,-0.00337471
0.02839632,0.06926385,-0.00307130
0.02839261,0.06627821,-0.00277364
0.02844208,0.06341672,-0.00248118
0.02854484,0.06067402,-0.00219337
0.02870107,0.05804499,-0.00190966
0.02891106,0.05552468,-0.00162953
0.02917521,0.05310839,-0.00135246
0.02949401,0.05079159,-0.00107791
0.02986806,0.04856992,-0.00080539
0.03029807,0.04643925,-0.00053438
0.03078482,0.04439556,-0.00026436
0.03132925,0.04243504,0.00000515
0.03193236,0.04055401,0.00027468
0.03259529,0.03874895,0.00054472
0.03331928,0.03701648,0.00081579
0.03410569,0.03535335,0.00108838
0.03495598,0.03375644,0.00136301
0.03587176,0.03222277,0.00164019
0.03685473,0.03074946,0.00192044
0.03790674,0.02933375,0.00220430
0.03902976,0.02797298,0.00249228
0.04022589,0.02666463,0.00278493
0.04149738,0.02540621,0.00308280
0.04284660,0.02419540,0.00338644
0.04427608,0.02302990,0.00369643
0.04578850,0.02190755,0.00401334
0.04738670,0.02082624,0.00433776
0.04907366,0.01978393,0.00467032
0.05085256,0.01877869,0.00501162
0.05272671,0.01780863,0.00536231
0.05469963,0.01687192,0.00572305
0.05677501,0.01596682,0.00609450
0.05895676,0.01509164,0.00647738
0.06124894,0.01424472,0.00687238
0.06365585,0.01342448,0.00728026
0.06618201,0.01262940,0.00770178
0.06883215,0.01185797,0.00813773
0.07161123,0.01110875,0.00858892
0.07452445,0.01038035,0.00905620
0.07757727,0.00967138,0.00954044
0.08077542,0.00898054,0.01004256
0.08412488,0.00830652,0.01056348
0.08763192,0.00764806,0.01110420
0.09130313,0.00700392,0.01166571
0.09514536,0.00637291,0.01224908
0.09916583,0.00575383,0.01285540
0.10337206,0.00514554,0.01348579
0.10777193,0.00454688,0.01414145
0.11237369,0.00395674,0.01482360
0.11718595,0.00337401,0.01553352
0.12221773,0.00279760,0.01627253
0.12747845,0.00222643,0.01704203
0.13297797,0.00165943,0.01784345
0.13872660,0.00109554,0.01867830
0.14473509,0.00053371,0.01954814
0.15101471,-0.00002713,0.02045459
0.15006403,-0.00070755,0.02035115
0.14369459,-0.00089978,0.01946502
0.13759969,-0.00109373,0.01861609
0.13176770,-0.00128977,0.01780272
0.12618748,-0.00148827,0.01702337
0.12084836,-0.00168961,0.01627655
0.11574014,-0.00189419,0.01556083
0.11085306,-0.00210238,0.01487483
0.10617779,-0.00231459,0.01421726
0.10170539,-0.00253122,0.01358685
0.09742731,-0.00275268,0.01298240
0.09333538,-0.00297941,0.01240276
0.08942179,-0.00321183,0.01184682
0.08567905,-0.00345039,0.01131351
0.08210002,-0.00369554,0.01080181
0.07867785,-0.00394775,0.01031076
0.07540601,-0.00420750,0.00983940
0.07227825,-0.00447529,0.00938685
0.06928858,-0.00475163,0.00895223
0.06643131,-0.00503705,0.00853471
0.06370096,-0.00533210,0.00813351
0.06109232,-0.00563733,0.00774784
0.05860041,-0.00595333,0.00737698
0.05622047,-0.00628071,0.00702021
0.05394795,-0.00662009,0.00667685
0.05177850,-0.00697212,0.00634625
0.04970799,-0.00733747,0.00602778
0.04773245,-0.00771683,0.00572083
0.04584811,-0.00811095,0.00542480
0.04405137,-0.00852056,0.00513914
0.04233880,-0.00894645,0.00486330
0.04070712,-0.00938943,0.00459675
0.03915323,-0.00985035,0.00433899
0.03767414,-0.01033010,0.00408951
0.03626703,-0.01082958,0.00384785
0.03492922,-0.01134975,0.00361354
0.03365815,-0.01189161,0.00338614
0.03245139,-0.01245619,0.00316520
0.03130663,-0.01304457,0.00295031
0.03022168,-0.01365787,0.00274106
0.02919449,-0.01429727,0.00253705
0.02822307,-0.01496398,0.00233788
0.02730558,-0.01565929,0.00214318
0.02644025,-0.01638452,0.00195258
0.02562545,-0.01714105,0.00176571
0.02485961,-0.01793033,0.00158221
0.02414127,-0.01875387,0.00140173
0.02346905,-0.01961325,0.00122393
0.02284168,-0.02051009,0.00104847
0.02225795,-0.02144613,0.00087502
0.02171675,-0.02242314,0.00070323
0.02121704,-0.02344300,0.00053279
0.02075787,-0.02450764,0.00036337
0.02033836,-0.02561912,0.00019464
0.01995771,-0.02677954,0.00002628
0.01961519,-0.02799113,-0.00014202
0.01931015,-0.02925620,-0.00031060
0.01904201,-0.03057717,-0.00047977
0.01881025,-0.03195657,-0.00064986
0.01861443,-0.03339702,-0.00082119
0.01845417,-0.03490128,-0.00099409
0.01832918,-0.03647223,-0.00116888
0.01823920,-0.03811286,-0.00134592
0.01818408,-0.03982631,-0.00152552
0.01816370,-0.04161586,-0.00170804
0.01817802,-0.04348493,-0.00189382
0.01822708,-0.04543708,-0.00208322
0.01831096,-0.04747604,-0.00227660
0.01842983,-0.04960571,-0.00247433
0.01858391,-0.05183017,-0.00267678
0.01877350,-0.05415365,-0.00288436
0.01899896,-0.05658061,-0.00309744
0.01926072,-0.05911567,-0.00331644
0.01955929,-0.06176368,-0.00354178
0.01989522,-0.06452970,-0.00377388
0.02026917,-0.06741902,-0.00401320
0.02068184,-0.07043715,-0.00426018
0.02113403,-0.07358987,-0.00451530
0.02162660,-0.07688319,-0.00477905
0.02216049,-0.08032341,-0.00505194
0.02273672,-0.08391710,-0.00533447
0.02335640,-0.08767112,-0.00562720
0.02402070,-0.09159266,-0.00593068
0.02473090,-0.09568920,-0.00624549
0.02548835,-0.09996858,-0.00657223
0.02629450,-0.10443896,-0.00691153
0.02715089,-0.10910888,-0.00726403
0.02805916,-0.11398728,-0.00763042
0.02902104,-0.11908347,-0.00801138
0.03003836,-0.12440719,-0.00840766
0.03111309,-0.12996861,-0.00881999
0.03224725,-0.13577836,-0.00924918
0.03344304,-0.14184754,-0.00969604
0.03470272,-0.14818773,-0.01016142
0.03602870,-0.15481107,-0.01064623
0.03742353,-0.16173020,-0.01115137
0.03888986,-0.16895834,-0.01167782
0.04043049,-0.17650931,-0.01222658
0.04204838,-0.18439753,-0.01279870
0.04374660,-0.19263807,-0.01339528
0.04552841,-0.20124668,-0.01401745
0.04739722,-0.21023980,-0.01466640
0.04935658,-0.21963462,-0.01534338
0.05141024,-0.22944909,-0.01604967
0.05356213,-0.23970197,-0.01678663
0.05581637,-0.25041283,-0.01755566
0.05817725,-0.26160215,-0.01835823
0.06064928,-0.27329131,-0.01919588
0.06323720,-0.28550264,-0.02007021
0.06594594,-0.29825946,-0.02098288
0.06381200,-0.28743847,-0.02018615
0.06139614,-0.27526077,-0.01929171
0.05909529,-0.26359875,-0.01843342
0.05690516,-0.25243058,-0.01760967
0.05482164,-0.24173531,-0.01681890
0.05284082,-0.23149292,-0.01605965
0.05095899,-0.22168422,-0.01533048
0.04917263,-0.21229084,-0.01463003
0.04747840,-0.20329516,-0.01395699
0.04587311,-0.19468035,-0.01331010
0.04435377,-0.18643026,-0.01268814
0.04291752,-0.17852944,-0.01208995
0.04156167,-0.17096308,-0.01151442
0.04028368,-0.16371700,-0.01096045
0.03908117,-0.15677765,-0.01042702
0.03795187,-0.15013200,-0.00991312
0.03689367,-0.14376762,-0.00941780
0.03590458,-0.13767258,-0.00894012
0.03498277,-0.13183547,-0.00847918
0.03412649,-0.12624533,-0.00803413
0.03333415,-0.12089171,-0.00760414
0.03260425,-0.11576458,-0.00718839
0.03193544,-0.11085432,-0.00678611
0.03132645,-0.10615174,-0.00639654
0.03077616,-0.10164803,-0.00601895
0.03028352,-0.09733475,-0.00565264
0.02984762,-0.09320383,-0.00529692
0.02946763,-0.08924751,-0.00495112
0.02914285,-0.08545839,-0.00461460
0.02887267,-0.08182938,-0.00428672
0.02865658,-0.07835367,-0.00396688
0.02849417,-0.07502475,-0.00365447
0.02838515,-0.07183638,-0.00334890
0.02832931,-0.06878259,-0.00304961
0.02832653,-0.06585767,-0.00275603
0.02837683,-0.06305612,-0.00246761
0.02848029,-0.06037271,-0.00218382
0.02863710,-0.05780240,-0.00190411
0.02884757,-0.05534038,-0.00162798
0.02911208,-0.05298204,-0.00135489
0.02943113,-0.05072296,-0.00108435
0.02980531,-0.04855890,-0.00081583
0.03023534,-0.04648581,-0.00054884
0.03072201,-0.04449982,-0.00028288
0.03126623,-0.04259719,-0.00001746
0.03186903,-0.04077437,0.00024794
0.03253154,-0.03902793,0.00051380
0.03325499,-0.03735461,0.00078062
0.03404074,-0.03575127,0.00104891
0.03489026,-0.03421491,0.00131916
0.03580515,-0.03274265,0.00159188
0.03678712,-0.03133173,0.00186759
0.03783801,-0.02997951,0.00214679
0.03895979,-0.02868345,0.00243001
0.04015455,-0.02744113,0.00271779
0.04142454,-0.02625022,0.00301066
0.04277214,-0.02510849,0.00330917
0.04419986,-0.02401379,0.00361388
0.04571040,-0.02296409,0.00392536
0.04730657,-0.02195741,0.00424419
0.04899136,-0.02099186,0.00457098
0.05076794,-0.02006564,0.00490632
0.05263963,-0.01917701,0.00525086
0.05460994,-0.01832431,0.00560524
0.05668255,-0.01750594,0.00597012
0.05886136,-0.01672037,0.00634618
0.06115044,-0.01596612,0.00673413
0.06355408,-0.01524178,0.00713470
0.06607678,-0.01454599,0.00754864
0.06872328,-0.01387746,0.00797671
0.07149852,-0.01323493,0.00841973
0.07440772,-0.01261719,0.00887853
0.07745631,-0.01202309,0.00935395
0.08065001,-0.01145151,0.00984690
0.08399480,-0.01090138,0.01035830
0.08749696,-0.01037168,0.01088911
0.09116303,-0.00986141,0.01144031
0.09499990,-0.00936962,0.01201295
0.09901473,-0.00889538,0.01260809
0.10321507,-0.00843780,0.01322686
0.10760878,-0.00799603,0.01387040
0.11220408,-0.00756925,0.01453993
0.11700959,-0.00715664,0.01523670
0.12203431,-0.00675744,0.01596201
0.12728766,-0.00637090,0.01671723
0.13277947,-0.00599629,0.01750376
0.13852004,-0.00563292,0.01832309
0.14452011,-0.00528010,0.01917675
0.15079093,-0.00493718,0.02006633
0.14970947,-0.00423481,0.01994664
0.14335359,-0.00382570,0.01907816
0.13727172,-0.00342392,0.01824615
0.13145222,-0.00302867,0.01744902
0.12588397,-0.00263922,0.01668523
0.12055633,-0.00225481,0.01595334
0.11545911,-0.00187470,0.01525194
0.11058258,-0.00149819,0.01457969
0.10591741,-0.00112453,0.01393531
0.10145468,-0.00075303,0.01331756
0.09718587,-0.00038296,0.01272527
0.09310281,-0.00001363,0.01215730
0.08919771,0.00035568,0.01161257
0.08546309,0.00072566,0.01109003
0.08189183,0.00109704,0.01058869
0.07847708,0.00147051,0.01010759
0.07521234,0.00184679,0.00964581
0.07209135,0.00222660,0.00920246
0.06910815,0.00261066,0.00877670
0.06625705,0.00299972,0.00836772
0.06353258,0.00339451,0.00797473
0.06092955,0.00379579,0.00759699
0.05844297,0.00420432,0.00723376
0.05606810,0.00462089,0.00688436
0.05380039,0.00504629,0.00654812
0.05163552,0.00548134,0.00622440
0.04956934,0.00592686,0.00591257
0.04759790,0.00638371,0.00561205
0.04571744,0.00685276,0.00532225
0.04392436,0.00733491,0.00504262
0.04221524,0.00783108,0.00477263
0.04058681,0.00834222,0.00451176
0.03903595,0.00886930,0.00425952
0.03755970,0.00941333,0.00401542
0.03615524,0.00997536,0.00377899
0.03481989,0.01055645,0.00354979
0.03355108,0.01115772,0.00332737
0.03234641,0.01178032,0.00311131
0.03120356,0.01242543,0.00290119
0.03012036,0.01309429,0.00269663
0.02909472,0.01378818,0.00249721
0.02812470,0.01450842,0.00230257
0.02720843,0.01525639,0.00211233
0.02634416,0.01603353,0.00192613
0.02553025,0.01684131,0.00174361
0.02476513,0.01768128,0.00156442
0.02404735,0.01855504,0.00138823
0.02337554,0.01946427,0.00121468
0.02274840,0.02041070,0.00104346
0.02216474,0.02139614,0.00087423
0.02162345,0.02242248,0.00070668
0.02112348,0.02349168,0.00054047
0.02066389,0.02460578,0.00037530
0.02024380,0.02576690,0.00021084
0.01986240,0.02697728,0.00004679
0.01951896,0.02823922,-0.00011718
0.01921283,0.02955513,-0.00028136
0.01894343,0.03092754,-0.00044609
0.01871023,0.03235905,-0.00061167
0.01851279,0.03385242,-0.00077841
0.01835074,0.03541049,-0.00094665
0.01822376,0.03703624,-0.00111669
0.01813161,0.03873278,-0.00128887
0.01807412,0.04050336,-0.00146351
0.01805118,0.04235134,-0.00164095
0.01806273,0.04428028,-0.00182153
0.01810882,0.04629385,-0.00200559
0.01818951,0.04839591,-0.00219348
0.01830497,0.05059046,-0.00238556
0.01845542,0.05288172,-0.00258220
0.01864114,0.05527404,-0.00278378
0.01886249,0.05777202,-0.00299068
0.01911990,0.06038042,-0.00320330
0.01941385,0.06310422,-0.00342203
0.01974491,0.06594864,-0.00364731
0.02011370,0.06891911,-0.00387956
0.02052094,0.07202131,-0.00411923
0.02096741,0.07526117,-0.00436677
0.02145394,0.07864488,-0.00462265
0.02198149,0.08217890,-0.00488737
0.02255105,0.08587000,-0.00516143
0.02316371,0.08972522,-0.00544536
0.02382065,0.09375194,-0.00573969
0.02452311,0.09795786,-0.00604500
0.02527245,0.10235100,-0.00636186
0.02607009,0.10693977,-0.00669088
0.02691757,0.11173295,-0.00703269
0.02781649,0.11673968,-0.00738794
0.02876857,0.12196954,-0.00775731
0.02977565,0.12743253,-0.00814151
0.03083963,0.13313909,-0.00854126
0.03196256,0.13910012,-0.00895735
0.03314659,0.14532702,-0.00939055
0.03439397,0.15183169,-0.00984171
0.03570708,0.15862656,-0.01031167
0.03708845,0.16572462,-0.01080134
0.03854070,0.17313945,-0.01131166
0.04006662,0.18088520,-0.01184360
0.04166912,0.18897668,-0.01239818
0.04335126,0.19742937,-0.01297645
0.04511627,0.20625941,-0.01357953
0.04696750,0.21548368,-0.01420856
0.04890851,0.22511982,-0.01486475
0.05094300,0.23518624,-0.01554935
0.05307486,0.24570219,-0.01626367
0.05530816,0.25668776,-0.01700908
0.05764718,0.26816394,-0.01778699
0.06009638,0.28015268,-0.01859891
0.06266044,0.29267689,-0.01944637
0.06534428,0.30576051,-0.02033100
0.06318040,0.29441246,-0.01954392
0.06078836,0.28192170,-0.01867895
0.05851016,0.26995887,-0.01784897
0.05634152,0.25850157,-0.01705240
0.05427840,0.24752836,-0.01628778
0.05231691,0.23701869,-0.01555365
0.05045340,0.22695286,-0.01484865
0.04868437,0.21731204,-0.01417146
0.04700651,0.20807817,-0.01352080
0.04541667,0.19923395,-0.01289546
0.04391189,0.19076283,-0.01229428
0.04248933,0.18264894,-0.01171611
0.04114635,0.17487709,-0.01115989
0.03988041,0.16743272,-0.01062456
0.03868916,0.16030190,-0.01010913
0.03757036,0.15347126,-0.00961263
0.03652191,0.14692802,-0.00913414
0.03554186,0.14065992,-0.00867274
0.03462837,0.13465523,-0.00822759
0.03377972,0.12890270,-0.00779785
0.03299433,0.12339157,-0.00738270
0.03227072,0.11811150,-0.00698139
0.03160755,0.11305261,-0.00659314
0.03100357,0.10820543,-0.00621725
0.03045764,0.10356088,-0.00585299
0.02996876,0.09911026,-0.00549970
0.02953599,0.09484524,-0.00515671
0.02915853,0.09075783,-0.00482337
0.02883568,0.08684038,-0.00449906
0.02856683,0.08308556,-0.00418318
0.02835147,0.07948632,-0.00387514
0.02818920,0.07603593,-0.00357435
0.02807973,0.07272793,-0.00328025
0.02802283,0.06955612,-0.00299230
0.02801841,0.06651457,-0.00270995
0.02806647,0.06359758,-0.00243268
0.02816708,0.06079968,-0.00215996
0.02832043,0.05811564,-0.00189128
0.02852683,0.05554043,-0.00162615
0.02878664,0.05306922,-0.00136406
0.02910036,0.05069740,-0.00110453
0.02946857,0.04842051,-0.00084706
0.02989197,0.04623430,-0.00059119
0.03037134,0.04413467,-0.00033641
0.03090759,0.04211769,-0.00008227
0.03150172,0.04017958,0.00017171
0.03215485,0.03831671,0.00042602
0.03286818,0.03652560,0.00068113
0.03364307,0.03480288,0.00093751
0.03448095,0.03314534,0.00119565
0.03538341,0.03154987,0.00145603
0.03635213,0.03001348,0.00171913
0.03738893,0.02853330,0.00198545
0.03849574,0.02710654,0.00225549
0.03967463,0.02573055,0.00252976
0.04092783,0.02440275,0.00280876
0.04225767,0.02312064,0.00309302
0.04366664,0.02188183,0.00338308
0.04515739,0.02068399,0.00367947
0.04673269,0.01952489,0.00398275
0.04839552,0.01840235,0.00429348
0.05014897,0.01731427,0.00461226
0.05199633,0.01625862,0.00493968
0.05394106,0.01523341,0.00527634
0.05598681,0.01423673,0.00562289
0.05813739,0.01326671,0.00597996
0.06039685,0.01232154,0.00634824
0.06276941,0.01139944,0.00672840
0.06525952,0.01049868,0.00712116
0.06787183,0.00961759,0.00752726
0.07061125,0.00875451,0.00794745
0.07348289,0.00790782,0.00838253
0.07649214,0.00707594,0.00883330
0.07964464,0.00625730,0.00930062
0.08294628,0.00545039,0.00978535
0.08640325,0.00465369,0.01028841
0.09002202,0.00386570,0.01081073
0.09380937,0.00308494,0.01135330
0.09777240,0.00230997,0.01191713
0.10191851,0.00153932,0.01250327
0.10625549,0.00077155,0.01311283
0.11079144,0.00000523,0.01374695
0.11553487,-0.00076108,0.01440680
0.12049465,-0.00152882,0.01509364
0.12568008,-0.00229941,0.01580874
0.13110086,-0.00307432,0.01655345
0.13676715,-0.00385498,0.01732915
0.14268955,-0.00464286,0.01813731
0.14887916,-0.00543944,0.01897943
0.14844657,-0.00614806,0.01895365
0.14214534,-0.00609999,0.01812921
0.13611559,-0.00606357,0.01733940
0.13034579,-0.00603873,0.01658270
0.12482492,-0.00602542,0.01585768
0.11954244,-0.00602362,0.01516294
0.11448826,-0.00603332,0.01449715
0.10965273,-0.00605454,0.01385906
0.10502661,-0.00608733,0.01324743
0.10060107,-0.00613174,0.01266110
0.09636766,-0.00618787,0.01209895
0.09231829,-0.00625581,0.01155990
0.08844523,-0.00633569,0.01104294
0.08474108,-0.00642768,0.01054706
0.08119877,-0.00653194,0.01007133
0.07781153,-0.00664868,0.00961483
0.07457290,-0.00677812,0.00917669
0.07147668,-0.00692050,0.00875608
0.06851697,-0.00707609,0.00835219
0.06568811,-0.00724520,0.00796425
0.06298470,-0.00742815,0.00759152
0.06040158,-0.00762528,0.00723329
0.05793382,-0.00783698,0.00688888
0.05557669,-0.00806364,0.00655762
0.05332571,-0.00830570,0.00623888
0.05117656,-0.00856363,0.00593206
0.04912516,-0.00883791,0.00563657
0.04716757,-0.00912907,0.00535184
0.04530006,-0.00943766,0.00507733
0.04351906,-0.00976427,0.00481252
0.04182118,-0.01010954,0.00455690
0.04020317,-0.01047411,0.00430998
0.03866193,-0.01085868,0.00407130
0.03719454,-0.01126399,0.00384039
0.03579817,-0.01169082,0.00361681
0.03447018,-0.01213997,0.00340015
0.03320801,-0.01261230,0.00318997
0.03200927,-0.01310872,0.00298589
0.03087165,-0.01363018,0.00278751
0.02979300,-0.01417767,0.00259445
0.02877124,-0.01475223,0.00240635
0.02780443,-0.01535497,0.00222284
0.02689072,-0.01598703,0.00204358
0.02602836,-0.01664963,0.00186822
0.02521572,-0.01734402,0.00169643
0.02445123,-0.01807153,0.00152788
0.02373344,-0.01883356,0.00136225
0.02306097,-0.01963155,0.00119922
0.02243255,-0.02046704,0.00103848
0.02184696,-0.02134161,0.00087972
0.02130310,-0.02225695,0.00072264
0.02079993,-0.02321479,0.00056695
0.02033648,-0.02421696,0.00041233
0.01991186,-0.02526538,0.00025851
0.01952528,-0.02636206,0.00010517
0.01917598,-0.02750908,-0.00004796
0.01886330,-0.02870864,-0.00020118
0.01858665,-0.02996302,-0.00035479
0.01834550,-0.03127463,-0.00050908
0.01813938,-0.03264596,-0.00066434
0.01796791,-0.03407964,-0.00082086
0.01783075,-0.03557841,-0.00097896
0.01772764,-0.03714513,-0.00113892
0.01765839,-0.03878278,-0.00130106
0.01762286,-0.04049450,-0.00146568
0.01762099,-0.04228356,-0.00163311
0.01765278,-0.04415336,-0.00180365
0.01771827,-0.04610750,-0.00197763
0.01781760,-0.04814969,-0.00215540
0.01795096,-0.05028383,-0.00233728
0.01811861,-0.05251400,-0.00252362
0.01832085,-0.05484447,-0.00271478
0.01855809,-0.05727968,-0.00291113
0.01883077,-0.05982428,-0.00311304
0.01913940,-0.06248313,-0.00332089
0.01948460,-0.06526131,-0.00353509
0.01986700,-0.06816412,-0.00375603
0.02028735,-0.07119712,-0.00398415
0.02074644,-0.07436608,-0.00421988
0.02124515,-0.07767707,-0.00446367
0.02178443,-0.08113641,-0.00471598
0.02236532,-0.08475070,-0.00497730
0.02298892,-0.08852684,-0.00524812
0.02365643,-0.09247206,-0.00552897
0.02436911,-0.09659387,-0.00582037
0.02512834,-0.10090016,-0.00612289
0.02593555,-0.10539915,-0.00643711
0.02679230,-0.11009942,-0.00676362
0.02770021,-0.11500997,-0.00710304
0.02866103,-0.12014016,-0.00745603
0.02967658,-0.12549979,-0.00782326
0.03074881,-0.13109910,-0.00820543
0.03187976,-0.13694878,-0.00860328
0.03307160,-0.14306000,-0.00901755
0.03432659,-0.14944444,-0.00944904
0.03564714,-0.15611428,-0.00989858
0.03703577,-0.16308227,-0.01036702
0.03849513,-0.17036172,-0.01085527
0.04002801,-0.17796652,-0.01136424
0.04163734,-0.18591119,-0.01189492
0.04332618,-0.19421092,-0.01244831
0.04509777,-0.20288155,-0.01302548
0.04695548,-0.21193964,-0.01362752
0.04890287,-0.22140249,-0.01425559
0.05094365,-0.23128817,-0.01491089
0.05308172,-0.24161557,-0.01559466
0.05532117,-0.25240440,-0.01630821
0.05766627,-0.26367527,-0.01705291
0.06012151,-0.27544970,-0.01783017
0.06269156,-0.28775018,-0.01864149
0.06095790,-0.27874303,-0.01802880
0.05864924,-0.26695690,-0.01723226
0.05645052,-0.25567119,-0.01646802
0.05435762,-0.24486475,-0.01573465
0.05236661,-0.23451732,-0.01503077
0.05047377,-0.22460950,-0.01435508
0.04867554,-0.21512272,-0.01370629
0.04696856,-0.20603919,-0.01308319
0.04534962,-0.19734190,-0.01248462
0.04381569,-0.18901453,-0.01190945
0.04236389,-0.18104148,-0.01135660
0.04099151,-0.17340779,-0.01082505
0.03969597,-0.16609917,-0.01031378
0.03847484,-0.15910191,-0.00982185
0.03732583,-0.15240289,-0.00934834
0.03624679,-0.14598955,-0.00889234
0.03523570,-0.13984988,-0.00845302
0.03429066,-0.13397236,-0.00802954
0.03340990,-0.12834598,-0.00762111
0.03259176,-0.12296019,-0.00722696
0.03183473,-0.11780490,-0.00684637
0.03113736,-0.11287043,-0.00647861
0.03049837,-0.10814755,-0.00612299
0.02991654,-0.10362739,-0.00577885
0.02939080,-0.09930148,-0.00544555
0.02892015,-0.09516172,-0.00512245
0.02850371,-0.09120035,-0.00480895
0.02814070,-0.08740993,-0.00450447
0.02783044,-0.08378337,-0.00420843
0.02757236,-0.08031386,-0.00392028
0.02736595,-0.07699491,-0.00363948
0.02721085,-0.07382028,-0.00336550
0.02710676,-0.07078404,-0.00309784
0.02705347,-0.06788048,-0.00283597
0.02705090,-0.06510416,-0.00257943
0.02709904,-0.06244989,-0.00232772
0.02719798,-0.05991268,-0.00208037
0.02734790,-0.05748778,-0.00183692
0.02754909,-0.05517065,-0.00159692
0.02780191,-0.05295693,-0.00135991
0.02810686,-0.05084249,-0.00112545
0.02846449,-0.04882335,-0.00089309
0.02887548,-0.04689573,-0.00066242
0.02934059,-0.04505602,-0.00043298
0.02986071,-0.04330077,-0.00020436
0.03043680,-0.04162669,0.00002388
0.03106995,-0.04003064,0.00025217
0.03176134,-0.03850962,0.00048093
0.03251226,-0.03706080,0.00071059
0.03332414,-0.03568145,0.00094158
0.03419848,-0.03436898,0.00117434
0.03513692,-0.03312094,0.00140930
0.03614124,-0.03193499,0.00164690
0.03721330,-0.03080890,0.00188758
0.03835511,-0.02974057,0.00213181
0.03956883,-0.02872798,0.00238003
0.04085672,-0.02776925,0.00263272
0.04222120,-0.02686257,0.00289033
0.04366482,-0.02600624,0.00315337
0.04519030,-0.02519867,0.00342232
0.04680048,-0.02443833,0.00369768
0.04849840,-0.02372380,0.00397998
0.05028723,-0.02305374,0.00426973
0.05217032,-0.02242690,0.00456749
0.05415121,-0.02184210,0.00487381
0.05623360,-0.02129824,0.00518927
0.05842141,-0.02079431,0.00551445
0.06071874,-0.02032936,0.00584997
0.06312988,-0.01990251,0.00619646
0.06565936,-0.01951298,0.00655456
0.06831192,-0.01916002,0.00692495
0.07109254,-0.01884297,0.00730832
0.07400642,-0.01856125,0.00770540
0.07705903,-0.01831433,0.00811691
0.08025610,-0.01810173,0.00854364
0.08360360,-0.01792307,0.00898639
0.08710782,-0.01777800,0.00944598
0.09077533,-0.01766626,0.00992328
0.09461301,-0.01758764,0.01041917
0.09862804,-0.01754198,0.01093461
0.10282795,-0.01752921,0.01147053
0.10722061,-0.01754930,0.01202796
0.11181427,-0.01760228,0.01260794
0.11661752,-0.01768826,0.01321155
0.12163939,-0.01780740,0.01383993
0.12688926,-0.01795992,0.01449425
0.13237700,-0.01814611,0.01517574
0.13811289,-0.01836631,0.01588568
0.14410767,-0.01862094,0.01662539
0.14364948,-0.01785709,0.01660138
0.13753923,-0.01685462,0.01587974
0.13169226,-0.01588441,0.01518850
0.12609738,-0.01494461,0.01452633
0.12074387,-0.01403341,0.01389198
0.11562149,-0.01314908,0.01328421
0.11072043,-0.01228992,0.01270187
0.10603131,-0.01145428,0.01214384
0.10154515,-0.01064057,0.01160906
0.09725337,-0.00984723,0.01109651
0.09314776,-0.00907274,0.01060519
0.08922044,-0.00831561,0.01013417
0.08546391,-0.00757440,0.00968255
0.08187097,-0.00684769,0.00924947
0.07843475,-0.00613409,0.00883409
0.07514867,-0.00543223,0.00843562
0.07200644,-0.00474077,0.00805330
0.06900204,-0.00405839,0.00768640
0.06612973,-0.00338377,0.00733421
0.06338400,-0.00271563,0.00699605
0.06075959,-0.00205268,0.00667129
0.05825150,-0.00139367,0.00635930
0.05585491,-0.00073733,0.00605948
0.05356523,-0.00008239,0.00577126
0.05137809,0.00057238,0.00549409
0.04928930,0.00122825,0.00522744
0.04729486,0.00188648,0.00497079
0.04539094,0.00254831,0.00472366
0.04357392,0.00321502,0.00448556
0.04184030,0.00388789,0.00425606
0.04018678,0.00456819,0.00403470
0.03861017,0.00525725,0.00382106
0.03710748,0.00595636,0.00361474
0.03567582,0.00666688,0.00341534
0.03431244,0.00739015,0.00322248
0.03301475,0.00812758,0.00303578
0.03178026,0.00888056,0.00285490
0.03060659,0.00965054,0.00267948
0.02949152,0.01043900,0.00250919
0.02843290,0.01124743,0.00234370
0.02742870,0.01207740,0.00218270
0.02647701,0.01293048,0.00202587
0.02557600,0.01380832,0.00187293
0.02472394,0.01471258,0.00172357
0.02391921,0.01564501,0.00157751
0.02316027,0.01660739,0.00143446
0.02244566,0.01760156,0.00129417
0.02177402,0.01862941,0.00115635
0.02114406,0.01969293,0.00102075
0.02055457,0.02079415,0.00088709
0.02000442,0.02193517,0.00075514
0.01949257,0.02311818,0.00062463
0.01901803,0.02434543,0.00049532
0.01857990,0.02561930,0.00036696
0.01817733,0.02694220,0.00023930
0.01780955,0.02831667,0.00011210
0.01747587,0.02974535,-0.00001489
0.01717564,0.03123096,-0.00014191
0.01690828,0.03277636,-0.00026920
0.01667329,0.03438450,-0.00039700
0.01647022,0.03605845,-0.00052557
0.01629868,0.03780143,-0.00065514
0.01615833,0.03961677,-0.00078596
0.01604891,0.04150794,-0.00091829
0.01597022,0.04347857,-0.00105238
0.01592209,0.04553242,-0.00118848
0.01590444,0.04767343,-0.00132685
0.01591724,0.04990569,-0.00146777
0.01596050,0.05223349,-0.00161149
0.01603432,0.05466127,-0.00175830
0.01613883,0.05719368,-0.00190848
0.01627423,0.05983557,-0.00206231
0.01644078,0.06259199,-0.00222008
0.01663881,0.06546823,-0.00238211
0.01686868,0.06846979,-0.00254869
0.01713085,0.07160241,-0.00272016
0.01742580,0.07487210,-0.00289683
0.01775412,0.07828510,-0.00307905
0.01811641,0.08184795,-0.00326716
0.01851339,0.08556748,-0.00346152
0.01894580,0.08945080,-0.00366251
0.01941448,0.09350535,-0.00387051
0.01992032,0.09773888,-0.00408592
0.02046430,0.10215950,-0.00430915
0.02104744,0.10677568,-0.00454063
0.02167088,0.11159624,-0.00478080
0.02233580,0.11663042,-0.00503012
0.02304347,0.12188786,-0.00528908
0.02379525,0.12737861,-0.00555815
0.02459258,0.13311318,-0.00583787
0.02543699,0.13910256,-0.00612876
0.02633008,0.14535821,-0.00643138
0.02727358,0.15189210,-0.00674631
0.02826929,0.15871675,-0.00707415
0.02931910,0.16584520,-0.00741554
0.03042504,0.17329112,-0.00777112
0.03158922,0.18106875,-0.00814158
0.03281387,0.18919297,-0.00852762
0.03410133,0.19767935,-0.00892999
0.03545406,0.20654413,-0.00934945
0.03687466,0.21580427,-0.00978680
0.03836585,0.22547750,-0.01024289
0.03993048,0.23558233,-0.01071859
0.04157154,0.24613812,-0.01121480
0.04329217,0.25716506,-0.01173248
0.04509568,0.26868426,-0.01227262
0.04698551,0.28071778,-0.01283625
0.04896527,0.29328864,-0.01342445
0.05103877,0.30642091,-0.01403835
0.05320996,0.32013973,-0.01467912
0.05257003,0.31536212,-0.01445112
0.05056491,0.30193556,-0.01381888
0.04865435,0.28907362,-0.01321248
0.04683477,0.27675225,-0.01263079
0.04510278,0.26494841,-0.01207271
0.04345513,0.25364002,-0.01153722
0.04188873,0.24280594,-0.01102329
0.04040068,0.23242591,-0.01052999
0.03898817,0.22248052,-0.01005637
0.03764856,0.21295117,-0.00960156
0.03637937,0.20382004,-0.00916470
0.03517820,0.19507005,-0.00874498
0.03404281,0.18668484,-0.00834162
0.03297109,0.17864874,-0.00795385
0.03196102,0.17094671,-0.00758096
0.03101072,0.16356436,-0.00722224
0.03011841,0.15648786,-0.00687703
0.02928242,0.14970401,-0.00654468
0.02850119,0.14320010,-0.00622456
0.02777325,0.13696397,-0.00591609
0.02709726,0.13098397,-0.00561868
0.02647193,0.12524891,-0.00533178
0.02589611,0.11974807,-0.00505485
0.02536871,0.11447115,-0.00478737
0.02488875,0.10940830,-0.00452884
0.02445534,0.10455004,-0.00427878
0.02406766,0.09988729,-0.00403673
0.02372498,0.09541134,-0.00380222
0.02342667,0.09111380,-0.00357482
0.02317216,0.08698664,-0.00335411
0.02296099,0.08302215,-0.00313967
0.02279276,0.07921291,-0.00293110
0.02266715,0.07555180,-0.00272801
0.02258393,0.07203198,-0.00253002
0.02254294,0.06864685,-0.00233677
0.02254410,0.06539009,-0.00214788
0.02258742,0.06225562,-0.00196301
0.02267298,0.05923756,-0.00178182
0.02280094,0.05633028,-0.00160395
0.02297154,0.05352833,-0.00142908
0.02318509,0.05082648,-0.00125689
0.02344200,0.04821968,-0.00108704
0.02374275,0.04570305,-0.00091923
0.02408790,0.04327189,-0.00075314
0.02447809,0.04092164,-0.00058846
0.02491405,0.03864792,-0.00042487
0.02539661,0.03644647,-0.00026208
0.02592665,0.03431317,-0.00009978
0.02650518,0.03224404,0.00006233
0.02713327,0.03023521,0.00022456
0.02781211,0.02828292,0.00038721
0.02854295,0.02638351,0.00055058
0.02932717,0.02453345,0.00071498
0.03016623,0.02272926,0.00088072
0.03106170,0.02096757,0.00104811
0.03201525,0.01924510,0.00121746
0.03302868,0.01755861,0.00138908
0.03410387,0.01590496,0.00156330
0.03524283,0.01428105,0.00174044
0.03644770,0.01268385,0.00192084
0.03772072,0.01111036,0.00210483
0.03906429,0.00955765,0.00229276
0.04048090,0.00802282,0.00248497
0.04197321,0.00650299,0.00268184
0.04354402,0.00499531,0.00288371
0.04519625,0.00349698,0.00309098
0.04693300,0.00200519,0.00330403
0.04875751,0.00051715,0.00352326
0.05067320,-0.00096992,0.00374907
0.05268365,-0.00245881,0.00398190
0.05479262,-0.00395230,0.00422217
0.05700405,-0.00545318,0.00447034
0.05932207,-0.00696425,0.00472687
0.06175104,-0.00848835,0.00499224
0.06429547,-0.01002832,0.00526694
0.06696014,-0.01158704,0.00555149
0.06975002,-0.01316743,0.00584643
0.07267034,-0.01477245,0.00615229
0.07572655,-0.01640509,0.00646966
0.07892437,-0.01806840,0.00679913
0.08226978,-0.01976551,0.00714132
0.08576904,-0.02149957,0.00749685
0.08942868,-0.02327385,0.00786641
0.09325556,-0.02509164,0.00825068
0.09725682,-0.02695635,0.00865037
0.10143996,-0.02887148,0.00906625
0.10581279,-0.03084059,0.00949907
0.11038349,-0.03286737,0.00994966
0.11516060,-0.03495562,0.01041886
0.12015307,-0.03710923,0.01090754
0.12537023,-0.03933224,0.01141661
0.12284649,-0.03898444,0.01120002
0.11760672,-0.03746451,0.01071751
0.11259110,-0.03601598,0.01025543
0.10779007,-0.03463609,0.00981290
0.10319448,-0.03332222,0.00938906
0.09879556,-0.03207186,0.00898313
0.09458495,-0.03088262,0.00859431
0.09055460,-0.02975225,0.00822188
0.08669685,-0.02867858,0.00786511
0.08300433,-0.02765956,0.00752334
0.07947001,-0.02669327,0.00719590
0.07608715,-0.02577785,0.00688218
0.07284931,-0.02491156,0.00658157
0.06975031,-0.02409275,0.00629351
0.06678426,-0.02331986,0.00601745
0.06394548,-0.02259141,0.00575285
0.06122859,-0.02190602,0.00549922
0.05862838,-0.02126239,0.00525607
0.05613992,-0.02065927,0.00502293
0.05375846,-0.02009554,0.00479937
0.05147946,-0.01957010,0.00458496
0.04929857,-0.01908196,0.00437928
0.04721164,-0.01863019,0.00418195
0.04521469,-0.01821393,0.00399260
0.04330392,-0.01783238,0.00381085
0.04147568,-0.01748482,0.00363636
0.03972649,-0.01717058,0.00346881
0.03805302,-0.01688907,0.00330786
0.03645207,-0.01663974,0.00315322
0.03492060,-0.01642214,0.00300460
0.03345568,-0.01623583,0.00286169
0.03205452,-0.01608046,0.00272424
0.03071446,-0.01595575,0.00259199
0.02943294,-0.01586144,0.00246467
0.02820752,-0.01579736,0.00234205
0.02703585,-0.01576340,0.00222390
0.02591572,-0.01575947,0.00210998
0.02484497,-0.01578558,0.00200009
0.02382158,-0.01584178,0.00189400
0.02284359,-0.01592817,0.00179153
0.02190914,-0.01604492,0.00169247
0.02101645,-0.01619225,0.00159664
0.02016381,-0.01637044,0.00150385
0.01934961,-0.01657983,0.00141393
0.01857228,-0.01682083,0.00132670
0.01783035,-0.01709388,0.00124200
0.01712240,-0.01739950,0.00115966
0.01644708,-0.01773830,0.00107954
0.01580312,-0.01811090,0.00100148
0.01518927,-0.01851801,0.00092532
0.01460437,-0.01896042,0.00085093
0.01404731,-0.01943897,0.00077815
0.01351701,-0.01995457,0.00070687
0.01301249,-0.02050820,0.00063693
0.01253276,-0.02110091,0.00056820
0.01207692,-0.02173384,0.00050055
0.01164409,-0.02240820,0.00043386
0.01123346,-0.02312526,0.00036800
0.01084424,-0.02388640,0.00030284
0.01047569,-0.02469306,0.00023826
0.01012710,-0.02554679,0.00017412
0.00979781,-0.02644921,0.00011033
0.00948720,-0.02740203,0.00004674
0.00919467,-0.02840708,-0.00001676
0.00891966,-0.02946628,-0.00008029
0.00866166,-0.03058163,-0.00014398
0.00842016,-0.03175527,-0.00020794
0.00819471,-0.03298944,-0.00027229
0.00798488,-0.03428647,-0.00033716
0.00779027,-0.03564886,-0.00040268
0.00761050,-0.03707919,-0.00046896
0.00744524,-0.03858019,-0.00053614
0.00729417,-0.04015471,-0.00060434
0.00715700,-0.04180578,-0.00067369
0.00703348,-0.04353651,-0.00074433
0.00692335,-0.04535023,-0.00081638
0.00682643,-0.04725038,-0.00088999
0.00674251,-0.04924059,-0.00096530
0.00667145,-0.05132464,-0.00104245
0.00661309,-0.05350651,-0.00112158
0.00656735,-0.05579037,-0.00120285
0.00653412,-0.05818055,-0.00128641
0.00651334,-0.06068162,-0.00137243
0.00650498,-0.06329835,-0.00146106
0.00650902,-0.06603571,-0.00155247
0.00652546,-0.06889894,-0.00164685
0.00655434,-0.07189348,-0.00174436
0.00659571,-0.07502505,-0.00184520
0.00664965,-0.07829960,-0.00194955
0.00671626,-0.08172339,-0.00205762
0.00679568,-0.08530293,-0.00216961
0.00688805,-0.08904506,-0.00228574
0.00699354,-0.09295690,-0.00240622
0.00711237,-0.09704591,-0.00253129
0.00724475,-0.10131987,-0.00266119
0.00739093,-0.10578695,-0.00279615
0.00755121,-0.11045565,-0.00293645
0.00772588,-0.11533486,-0.00308234
0.00791527,-0.12043390,-0.00323410
0.00811974,-0.12576247,-0.00339203
0.00833970,-0.13133073,-0.00355643
0.00857555,-0.13714930,-0.00372760
0.00882774,-0.14322926,-0.00390588
0.00909675,-0.14958221,-0.00409160
0.00938311,-0.15622025,-0.00428512
0.00968735,-0.16315603,-0.00448681
0.01001005,-0.17040277,-0.00469705
0.01035183,-0.17797429,-0.00491624
0.01071334,-0.18588501,-0.00514480
0.01109526,-0.19415001,-0.00538317
0.01149834,-0.20278504,-0.00563179
0.01192333,-0.21180657,-0.00589115
0.01237104,-0.22123178,-0.00616174
0.01284233,-0.23107864,-0.00644407
